steps	episodes	elapsed	mean	median	stdev	max	min	average_q	average_loss
100044	829	1063.6172196865082	134.0	120.0	35.339622081862856	200.0	100.0	0.35143057046273635	0.11383701216046797
200000	1452	2473.5889320373535	136.0	140.0	18.37873166945363	160.0	100.0	0.511352339371465	0.1590735813113749
300032	1990	3938.6594593524933	468.0	440.0	139.2679272322079	720.0	280.0	0.8258324555633331	0.2361380913944785
400351	2413	5488.60876250267	650.0	690.0	154.70401847829723	840.0	360.0	1.3547458635178806	0.29833756148454466
500232	2781	7033.735734462738	554.0	540.0	113.15672514015438	740.0	380.0	2.049851793918125	0.33316206158284184
600034	3177	8555.240592718124	372.0	330.0	150.90836071382304	600.0	160.0	2.4922685947541994	0.4352540312843362
700406	3515	10171.717195510864	530.0	510.0	153.83974345619103	800.0	320.0	2.8583098922319397	0.4191784952959065
800178	3931	11739.845990419388	476.0	490.0	167.80941570722425	740.0	260.0	3.158972191907632	0.5196744453394702
900064	4312	13320.918301820755	438.0	400.0	187.95980657813226	800.0	200.0	3.261700891214148	0.5168920032293536
1000536	4704	14946.31684923172	578.0	540.0	157.60710643876436	820.0	320.0	3.614007276016794	0.566885274244552
1100331	5065	16632.593950271606	944.0	1090.0	361.08478536518567	1320.0	240.0	3.5662373544285035	0.5999850374153367
1200143	5294	18351.42263698578	1278.0	1240.0	246.29702032753505	1640.0	960.0	3.582708180436881	0.5521991530709879
1300239	5528	20095.938721179962	1620.0	1640.0	160.8311744241976	1860.0	1400.0	3.8164761404065968	0.48905765877357854
1400084	5745	21787.573986053467	1546.0	1540.0	349.6093057495276	2060.0	920.0	3.837782447218289	0.7219876950348728
1500374	5956	23514.244445085526	1906.0	2000.0	360.74614035049325	2240.0	1080.0	4.08657992325311	0.6142146773420608
1600238	6146	25228.89551758766	2238.0	2260.0	146.8029669697146	2420.0	1900.0	4.128903306670423	0.5565579215561637
1700204	6335	26942.72083234787	2224.0	2270.0	189.2206237291391	2420.0	1860.0	4.16020277116561	0.5628313145612636
1800496	6528	28672.75236392021	2136.0	2190.0	235.28705871764387	2440.0	1800.0	4.327620066435161	0.6307295224488614
1900127	6712	30410.760693073273	2428.0	2480.0	188.3731521327932	2560.0	1900.0	4.328017741610481	0.5026302802412229
2000158	6893	32126.17811846733	2364.0	2440.0	207.16069983362084	2580.0	1960.0	4.654926517434417	0.5157319602034693
2100519	7073	33914.85953497887	2514.0	2520.0	37.77124126457412	2560.0	2440.0	4.707499965607937	0.47762559864515036
2200171	7253	35669.67168736458	2520.0	2540.0	89.44271909999159	2600.0	2280.0	4.847411934562285	0.4262289221739732
2300285	7433	37424.71291399002	2516.0	2520.0	58.727241454787304	2560.0	2360.0	5.06062568400837	0.4087772071981736
2400495	7613	39172.57921719551	2568.0	2580.0	37.94733192202055	2640.0	2500.0	5.221550344819931	0.37198401999149844
2500392	7791	40942.18232297897	2590.0	2600.0	53.54126134736337	2640.0	2480.0	5.338997349780123	0.40059516893389757
2600089	7969	42681.295280218124	2542.0	2550.0	37.05851229249946	2580.0	2460.0	5.397923097876947	0.37380607099144403
2700356	8149	44428.650334358215	2584.0	2580.0	20.65591117977289	2620.0	2560.0	5.434109594613421	0.3168957942130543
2800430	8329	46185.31954216957	2570.0	2580.0	19.436506316151	2600.0	2540.0	5.491898907340157	0.2819654579075609
2900038	8507	47951.52448654175	2600.0	2600.0	23.094010767585033	2640.0	2560.0	5.567801417797623	0.2555268289947965
3000008	8686	49698.79420661926	2602.0	2620.0	31.90262963734773	2640.0	2540.0	5.571010548359584	0.2379836297768513
3100029	8865	51458.60900950432	2578.0	2580.0	22.01009869229224	2600.0	2540.0	5.560778556963523	0.2744624547052117
3200493	9044	53211.389686346054	2568.0	2610.0	143.97530652472628	2640.0	2160.0	5.565719100558513	0.223811527478414
3300127	9222	54960.21069288254	2606.0	2620.0	25.03331114069145	2640.0	2560.0	5.451312149069498	0.22203080718873144
3400313	9401	56780.07437491417	2562.0	2600.0	106.85400216078843	2620.0	2260.0	5.53859141093358	0.21112427025526592
3500550	9581	58590.528072834015	2570.0	2610.0	125.16655570345725	2640.0	2220.0	5.390320121959664	0.22598741629726915
3600140	9760	60336.40292978287	2620.0	2620.0	21.081851067789195	2640.0	2580.0	5.384359081144666	0.1787324414851591
3700190	9938	62091.536994457245	2632.0	2640.0	13.98411797560202	2640.0	2600.0	5.303206473948618	0.2238455117779902
3800466	10117	63869.80657744408	2560.0	2550.0	33.9934634239519	2620.0	2520.0	5.392759040711162	0.20361066608339254
3900067	10295	65554.9754486084	2612.0	2620.0	32.93090409394258	2640.0	2540.0	5.303386554011957	0.19017107707787906
4000556	10476	67215.88726711273	2556.0	2630.0	210.56537649332992	2640.0	1960.0	5.280077441480163	0.19040629070326381
4100106	10655	68849.68604016304	2596.0	2620.0	64.4980619863884	2640.0	2460.0	5.329512891847368	0.19544839543868062
4200365	10835	70493.66567754745	2614.0	2620.0	23.190036174568117	2640.0	2560.0	5.320436715487746	0.17978094180937979
4300548	11017	72173.634608984	2620.0	2630.0	36.51483716701107	2640.0	2520.0	5.324173440201936	0.19078882809219141
4400489	11195	73831.93978762627	2612.0	2620.0	32.93090409394258	2640.0	2540.0	5.344502084527679	0.18238246103042074
4500357	11374	75492.70300388336	2620.0	2640.0	33.9934634239519	2640.0	2540.0	5.275376574061545	0.17217408535197465
4600515	11554	77176.88619494438	2636.0	2640.0	8.432740427115679	2640.0	2620.0	5.3120085928143395	0.17644016750375083
4700550	11733	78861.01307678223	2632.0	2640.0	19.32183566158592	2640.0	2580.0	5.299550812360929	0.15411480367144906
4800441	11913	80559.87670183182	2636.0	2640.0	8.432740427115679	2640.0	2620.0	5.310958888279989	0.16155855584293283
4900467	12091	82282.0746679306	2626.0	2620.0	9.66091783079296	2640.0	2620.0	5.345840540039014	0.1680075528400221
5000395	12270	83972.83926129341	2582.0	2600.0	66.2989860824097	2640.0	2400.0	5.367610270001503	0.15915021554264944
5100271	12448	85661.55131936073	2636.0	2640.0	12.649110640673518	2640.0	2600.0	5.343532727603859	0.17545567984533458
5200285	12626	87384.7690255642	2574.0	2640.0	187.86519989964435	2640.0	2040.0	5.315149722420366	0.15783901361293262
5300317	12805	89087.60476326942	2626.0	2630.0	18.973665961010276	2640.0	2580.0	5.363974649343047	0.1558576142124388
5400267	12984	90812.92955231667	2636.0	2640.0	12.649110640673518	2640.0	2600.0	5.326630313814539	0.1636708894804655
5500369	13163	92567.22923564911	2634.0	2640.0	9.66091783079296	2640.0	2620.0	5.278269931838749	0.17168458850980053
5600172	13341	94305.58030486107	2636.0	2640.0	8.432740427115679	2640.0	2620.0	5.330378255935525	0.16270402649539256
5700275	13519	96056.66129565239	2630.0	2640.0	21.602468994692867	2640.0	2580.0	5.360158093374545	0.16587742259550298
5800065	13698	97761.75562167168	2624.0	2640.0	29.514591494904874	2640.0	2560.0	5.307438825513885	0.16345058584064598
5900164	13876	99451.50411558151	2638.0	2640.0	14.757295747452437	2660.0	2600.0	5.332632080697589	0.14980762795178623
6000444	14055	101122.25985360146	2642.0	2640.0	6.324555320336759	2660.0	2640.0	5.248569949250116	0.1747253779800837
6100255	14233	102782.59170365334	2628.0	2640.0	21.499353995462798	2640.0	2580.0	5.261852847161384	0.16795470673814133
6200540	14413	104443.47966694832	2612.0	2640.0	74.95183638696105	2640.0	2400.0	5.298421887076344	0.15164091186709283
6300307	14591	106134.0639796257	2636.0	2640.0	18.37873166945363	2660.0	2600.0	5.356898394782498	0.14935191921248267
6400427	14770	107823.13439416885	2646.0	2640.0	9.66091783079296	2660.0	2640.0	5.360622999862202	0.1591917489680095
6500302	14950	109475.06510829926	2572.0	2640.0	208.74226532576802	2660.0	1980.0	5.272228837197897	0.17390195748952425
6600499	15133	111122.87445831299	2624.0	2630.0	20.65591117977289	2640.0	2580.0	5.312500429413793	0.17736923276027017
6700534	15312	112770.4461402893	2564.0	2640.0	199.28762017635606	2640.0	2000.0	5.301332493785943	0.1558250651633649
6800347	15493	114412.03332901001	2608.0	2640.0	108.40254199561517	2660.0	2300.0	5.315271033177373	0.165210494533523
6900524	15672	116053.70615053177	2634.0	2640.0	16.46545204697129	2660.0	2600.0	5.29162125892376	0.15262938634759965
7000346	15851	117684.83467507362	2644.0	2640.0	12.649110640673518	2660.0	2620.0	5.246418912495386	0.15978955181007604
7100408	16029	119314.09630846977	2640.0	2640.0	0.0	2640.0	2640.0	5.253853467205403	0.1545261513227946
7200014	16207	120937.50779056549	2630.0	2640.0	21.602468994692867	2640.0	2580.0	5.314225189457335	0.1596543306250957
7300077	16385	122589.80981063843	2634.0	2640.0	21.186998109427606	2660.0	2580.0	5.277836605219106	0.13974038503972916
7400159	16563	124222.20326256752	2642.0	2640.0	19.888578520235065	2680.0	2600.0	5.265375522383401	0.17051973663045797
7500339	16742	125852.0975677967	2648.0	2640.0	21.499353995462798	2700.0	2620.0	5.221160254543545	0.15137055379271053
7600474	16921	127500.46121120453	2642.0	2640.0	11.352924243950934	2660.0	2620.0	5.278015085340894	0.16033367991474154
7700170	17100	129123.13509058952	2640.0	2640.0	13.333333333333334	2660.0	2620.0	5.288492568332614	0.1414234805175676
7800251	17278	130761.69031977654	2616.0	2660.0	133.9319893743753	2700.0	2240.0	5.289677081533548	0.1398999301029578
7900333	17457	132414.47464299202	2658.0	2670.0	28.982753492378876	2680.0	2600.0	5.30014739905434	0.14241208346737003
8000330	17636	134057.10360217094	2640.0	2640.0	18.856180831641268	2660.0	2600.0	5.300739125419795	0.13408542284479066
8100448	17816	135691.55902457237	2622.0	2660.0	99.53223933312596	2660.0	2340.0	5.377144065958408	0.13823688081435218
8200335	17994	137323.89395475388	2680.0	2680.0	13.333333333333334	2700.0	2660.0	5.304304710677775	0.13710840611341107
8300546	18174	138981.94205260277	2654.0	2660.0	23.190036174568117	2700.0	2620.0	5.320047759617785	0.13047311449747614
8400514	18352	140623.55086684227	2656.0	2660.0	18.37873166945363	2680.0	2620.0	5.280519866369498	0.13742117288051578
8500010	18529	142266.40709757805	2560.0	2650.0	211.66010488516724	2700.0	2160.0	5.228888361209329	0.13626279799897412
8600450	18711	143966.5547940731	2656.0	2660.0	38.64367132317184	2700.0	2560.0	5.191197107589273	0.14086726873381009
8700408	18889	145647.05674481392	2680.0	2680.0	24.94438257849294	2720.0	2640.0	5.229176364250146	0.14018763727913194
8800016	19067	147326.1937496662	2680.0	2680.0	28.284271247461902	2740.0	2640.0	5.247721696800939	0.11887419878879223
8900025	19246	149000.54898953438	2684.0	2700.0	22.705848487901868	2700.0	2640.0	5.277033026108594	0.14281902531763505
9000409	19425	150682.69029021263	2658.0	2660.0	27.406406388125955	2700.0	2600.0	5.27491921827192	0.12184616564096692
9100246	19605	152333.24896669388	2668.0	2680.0	16.865480854231357	2680.0	2640.0	5.267823151969553	0.14134951132570958
9200042	19786	153956.8717110157	2604.0	2660.0	199.06447866625192	2700.0	2040.0	5.240151794139685	0.11922008567497822
9300344	19969	155583.15367507935	2666.0	2670.0	26.74987019698517	2700.0	2600.0	5.313662562780831	0.1350484427662254
9400074	20147	157193.4256322384	2676.0	2680.0	22.705848487901868	2720.0	2640.0	5.298181541709716	0.14097322067230406
9500014	20325	158807.77010011673	2674.0	2700.0	41.150131632029236	2700.0	2600.0	5.293493943871573	0.16926266345386
9600506	20505	160435.58919477463	2670.0	2670.0	28.674417556808756	2720.0	2620.0	5.300398391884287	0.1334325493540213
9700559	20683	162033.745511055	2676.0	2680.0	15.77621275493231	2700.0	2660.0	5.341519912578578	0.14148241863651909
9800358	20863	163617.0792582035	2640.0	2660.0	44.22166387140533	2700.0	2560.0	5.289995892741794	0.1357952074617499
9900310	21042	165180.91669011116	2704.0	2710.0	18.37873166945363	2720.0	2680.0	5.213649605310856	0.1548440952347454
10000000	21222	166715.76081705093	2708.0	2720.0	16.865480854231357	2720.0	2680.0	5.17381922651338	0.12207323919656596
