steps	episodes	elapsed	mean	median	stdev	max	min	average_q	average_loss
100025	582	817.0588564872742	193.5	162.5	129.46578269523144	475.0	30.0	0.606350780687686	0.5453402704742145
200189	1173	1885.5203049182892	135.0	60.0	155.08062419270823	485.0	25.0	1.5638151934546285	0.6145979377922652
300372	1756	2948.420195579529	117.5	92.5	67.13378020374277	230.0	50.0	2.134305124570989	0.5702447324254016
400035	2355	4000.1049506664276	182.0	187.5	80.87026647662292	365.0	80.0	2.2477509480193794	0.5450117375916457
500203	2973	5100.378468513489	121.0	132.5	53.374983736661584	230.0	40.0	2.8757656677481735	0.5865217759472643
600140	3505	6325.587499141693	231.0	190.0	140.6492880260054	475.0	75.0	3.2842114167041467	0.7079941992322242
700373	3893	7552.537664651871	380.5	362.5	120.72581423300579	605.0	230.0	3.4612692402659766	0.7120076439875436
800725	4170	8787.924033403397	475.0	447.5	165.5462338911869	800.0	290.0	3.977881543158914	0.7221004991759995
900258	4347	10006.558511257172	472.5	492.5	132.52358280698573	715.0	305.0	4.5520848255019155	0.6948414424397418
1000629	4487	11240.48989367485	383.0	345.0	104.6210091499578	580.0	265.0	4.7922526159117265	0.6136571999527725
1100419	4622	12496.28794169426	584.5	565.0	225.36944976835014	1095.0	345.0	4.499558030870543	0.5960687233137277
1201086	4748	13760.45214009285	649.0	587.5	173.77827507743564	945.0	395.0	4.471068077409984	0.6260155546582604
1300210	4898	15004.136901378632	643.0	587.5	146.74619056195104	910.0	460.0	4.583949776612265	0.6302381349790275
1400710	5043	16274.946826696396	679.0	585.0	387.8774147702968	1685.0	360.0	5.098200220708248	0.6297766661795804
1500541	5201	17531.44181537628	729.0	600.0	279.8590915284174	1435.0	510.0	4.661037863387956	0.6397811116966707
1600825	5356	18803.331595659256	788.5	742.5	273.01861963365553	1400.0	550.0	4.431289616304563	0.586951498078465
1700889	5513	20058.34190416336	740.5	772.5	126.50098813843313	975.0	545.0	4.412118247263862	0.5577696690571298
1800919	5686	21322.221563339233	729.5	550.0	436.3959084236341	1805.0	465.0	5.378388270034634	0.5570102197897234
1900498	5860	22565.11489701271	614.0	575.0	132.38831771220097	805.0	455.0	5.218649240140006	0.53281741855635
2000116	6025	23810.29016470909	670.0	600.0	150.7757717053152	1000.0	515.0	4.464689722332895	0.5884676191566096
2101384	6182	25070.44545483589	658.0	572.5	221.18619607320284	1230.0	500.0	4.788476890915108	0.6029510327531687
2200273	6358	26303.459992170334	659.0	600.0	204.17585013359877	1205.0	475.0	4.674374608348089	0.6132480780166596
2300008	6542	27546.89954137802	714.0	607.5	254.05380007654549	1375.0	540.0	4.912662488871665	0.5686834864122018
2400457	6714	28813.295558691025	697.5	587.5	228.2207751766307	1200.0	545.0	4.827809537294569	0.5354023441688108
2500846	6868	30073.97842168808	543.5	545.0	111.45626945129646	775.0	320.0	5.221117010131621	0.52627145144213
2600838	7043	31333.536450386047	800.5	600.0	313.5854482168032	1350.0	555.0	5.068234144521644	0.5229917078841019
2700265	7214	32590.430727481842	832.0	790.0	275.4612293751861	1375.0	510.0	5.7600373889827265	0.4864449098704847
2800179	7382	33858.28678607941	923.0	700.0	428.48700226624277	1660.0	525.0	5.473517424102796	0.5047561935703204
2900619	7567	35109.47413444519	621.0	572.5	129.05209972892516	945.0	540.0	5.41760050311546	0.4753728874877506
3000094	7747	36370.05666971207	703.5	562.5	317.66552990352744	1185.0	370.0	5.656644091322369	0.547106934409726
3100204	7931	37631.42766737938	688.0	550.0	322.37142139670715	1375.0	450.0	5.425186963213257	0.5345431952921742
3200709	8105	38904.18716430664	738.0	600.0	457.50045537317953	2030.0	500.0	5.329710212478762	0.48301235618262295
3300373	8280	40171.22493815422	874.5	787.5	297.31623642923444	1270.0	555.0	5.289202898145057	0.45369903853482685
3400046	8451	41420.11516332626	677.0	602.5	140.32106042928837	970.0	530.0	5.307257999730946	0.554976690528157
3500155	8630	42674.648402929306	732.0	600.0	390.4641113114267	1430.0	380.0	5.813540181472493	0.4797626644568506
3600442	8815	43940.26649188995	784.5	600.0	389.974714280013	1630.0	545.0	5.448358851941575	0.5589293926766585
3700121	9000	45197.629539489746	612.0	550.0	260.8660788816957	1230.0	380.0	5.422274115061548	0.4990924775197014
3800278	9168	46461.342581510544	831.0	757.5	264.2788930908659	1375.0	545.0	4.597200001434195	0.4864568797671187
3900958	9343	47739.56373643875	857.0	800.0	280.3192624292681	1375.0	575.0	4.505570336011715	0.4769728818978657
4000353	9533	48984.21331381798	778.0	775.0	222.4260176628025	1175.0	545.0	5.1404272180499255	0.42368603322076054
4100981	9708	50231.94747900963	584.0	585.0	66.5749368923638	745.0	515.0	4.586571191505047	0.417203317393277
4200790	9897	51481.23473215103	742.5	605.0	274.6639360705693	1430.0	545.0	4.262422946025614	0.3915826735929991
4300099	10082	52732.93624949455	711.0	557.5	388.0921998128223	1750.0	515.0	5.0218177424777375	0.4911910585857111
4400378	10262	54009.462059259415	879.0	772.5	339.40143389993705	1405.0	515.0	5.017368002732811	0.4878280720146152
4500368	10455	55275.056735277176	900.0	880.0	360.65526784205196	1405.0	525.0	4.297682119026861	0.3648402053364106
4600821	10635	56551.05317544937	790.5	675.0	242.59534208224196	1210.0	600.0	4.588351619686618	0.3935735772161755
4700536	10829	57826.06123661995	976.5	960.0	387.9722928251449	1545.0	570.0	5.147337912021561	0.3077156998362339
4800653	11015	59076.60191369057	817.5	600.0	360.84199373748675	1405.0	515.0	5.084550397646777	0.3339316454038596
4900685	11190	60297.57420158386	693.0	585.0	293.8555956777259	1410.0	460.0	4.417859940453927	0.3970008837411763
5000462	11379	61525.636800289154	655.0	587.5	174.80147469502526	1120.0	570.0	4.959291834479147	0.30711915198507533
5100198	11573	62774.06193327904	732.0	600.0	313.0867824315382	1430.0	515.0	4.425715177606509	0.3296621792932569
5200079	11773	64031.22267317772	801.0	672.5	290.5148686192996	1230.0	515.0	4.8065785657982865	0.35746454559681934
5300683	11993	65307.54797029495	819.0	700.0	305.31222634469714	1230.0	485.0	5.379569451630939	0.3084725125309064
5400876	12176	66571.2469727993	885.0	900.0	301.56075488844516	1230.0	540.0	4.780478975979891	0.33248246482978205
5500832	12366	67832.6148660183	996.0	1007.5	385.06709372090813	1435.0	600.0	4.952873810104879	0.2907752701880889
5600254	12551	69080.91545033455	835.5	600.0	530.3533937123644	2180.0	545.0	4.802290123722366	0.3231846858517637
5700172	12717	70323.36900138855	623.0	575.0	191.3722376243047	1160.0	515.0	4.3295464828839645	0.2692889659691217
5800612	12904	71583.80881667137	823.5	645.0	308.3653136568163	1375.0	600.0	4.617439642080692	0.3023645562856283
5900240	13086	72834.73746609688	670.5	587.5	217.89969659863635	1230.0	525.0	4.143081569217714	0.2755762286387212
6000304	13275	74105.8265516758	876.0	600.0	611.2455407699193	2460.0	475.0	4.856608643379884	0.38901310783987963
6100294	13466	75394.95316028595	975.5	775.0	508.5625166420873	2230.0	515.0	4.833768340464474	0.40289184810846096
6200408	13641	76660.00075173378	758.5	600.0	383.7103218719965	1785.0	520.0	4.543881374225557	0.3327651351788648
6301415	13828	77952.95902371407	759.5	672.5	240.71017612242505	1230.0	545.0	4.893310271354105	0.3491311415794071
6400223	14016	79200.36192941666	716.0	550.0	318.8068032175251	1405.0	475.0	4.731064169657739	0.4639898100307389
6500242	14211	80477.14400053024	932.0	902.5	383.84892861645454	1430.0	520.0	4.878782151526205	0.2784641081552351
6600812	14397	81746.98117303848	756.5	600.0	258.1241088227823	1220.0	545.0	3.9638849873912454	0.296093351948034
6700755	14580	83025.78969836235	1148.5	1252.5	442.06617151734196	1700.0	545.0	5.080158990424896	0.29698376673411925
6801186	14772	84281.16866159439	803.5	702.5	306.0142516652161	1330.0	465.0	4.920285526214956	0.2966493373254436
6900254	14955	85496.21749639511	679.5	600.0	193.19607196374935	1145.0	495.0	5.167980873974093	0.28559284400814444
7000577	15133	86697.71991872787	704.5	600.0	258.3005355524194	1230.0	515.0	4.409532239838836	0.3112333873055169
7100025	15297	87911.19847607613	1126.5	1205.0	467.0358658604283	1860.0	540.0	5.092656364186322	0.2976326135061906
7200388	15485	89126.41444277763	851.0	665.0	421.21385436748295	1860.0	515.0	5.1435471805286435	0.27706344973475167
7300393	15664	90337.09787988663	684.5	587.5	215.39949963833354	1235.0	515.0	4.679878306270744	0.2873542542819043
7401408	15835	91596.55449342728	1123.0	1085.0	506.18507814171426	2000.0	495.0	5.082827841257132	0.28606446704526517
7500244	16028	92815.54159903526	816.0	685.0	332.6142243233476	1400.0	420.0	4.503515422815668	0.2749679114917567
7600404	16196	94046.158370018	882.5	700.0	369.18265578617496	1405.0	520.0	4.576398463580687	0.27188424712253706
7700245	16358	95270.83646726608	985.5	1167.5	366.61704209645734	1430.0	540.0	5.124821286955334	0.29185806865476777
7800782	16535	96529.39869952202	1432.0	1232.5	697.3529315282981	2835.0	545.0	4.998041400038836	0.24187881073920112
7900081	16701	97771.4800336361	1184.5	1162.5	676.8983593486462	2505.0	550.0	5.883124224857199	0.23052259723021648
8000255	16877	98999.89716815948	795.0	570.0	461.13386824700314	1835.0	415.0	4.830322364587749	0.2364287333502449
8100064	17049	100218.20474863052	771.5	672.5	257.6609529336307	1250.0	545.0	4.810077450481625	0.297406100902636
8200606	17209	101446.24408483505	799.0	600.0	304.3462939920029	1180.0	525.0	5.093381471383155	0.2493943535301182
8301319	17395	102688.83151054382	894.0	680.0	445.05180722148646	1860.0	545.0	4.53710348488821	0.2754160952698886
8400028	17557	103916.78497982025	843.5	687.5	295.9452839818724	1210.0	570.0	4.771921217612766	0.2955297400953132
8500188	17724	105163.23410964012	851.0	675.0	397.9586801555045	1570.0	405.0	4.954650357754171	0.2907520858967138
8600185	17880	106420.82109904289	929.5	900.0	386.7130000975458	1375.0	545.0	5.063714381093333	0.2528822676968333
8700289	18045	107687.40609288216	1123.0	1187.5	480.1458111865603	2110.0	545.0	4.72345061271325	0.2598100760264847
8800084	18215	108956.6361424923	1065.5	1095.0	440.33730757732127	2060.0	575.0	5.351075783162529	0.23650718766831724
8900031	18382	110225.21073627472	1115.5	1165.0	598.801812882285	2360.0	540.0	4.6115280862329415	0.24440293425755802
9001706	18556	111496.27278804779	866.5	602.5	457.031788342513	1600.0	280.0	4.9003809361158295	0.30956116238638387
9100167	18719	112734.68355846405	1037.5	1175.0	271.56184071649926	1260.0	600.0	4.516749400995784	0.2248466946590259
9200649	18904	114012.32552075386	1142.5	1172.5	523.2019474139768	2350.0	570.0	4.684954905007558	0.2788155441505522
9300092	19072	115282.0063135624	1233.5	1260.0	486.70690472923343	2030.0	600.0	4.2761773489159385	0.3252216893756381
9400489	19232	116575.94482779503	1481.0	1250.0	640.1249877953524	2695.0	575.0	5.189032687089001	0.2582616580891536
9500137	19381	117838.9053633213	1145.0	1175.0	386.94673764974135	2000.0	540.0	4.761965043301382	0.26422965685082306
9600547	19547	119115.69780826569	1308.0	1155.0	791.6621052500169	3015.0	545.0	4.700146941368102	0.2160060678924561
9701248	19697	120395.69473004341	1189.5	1167.5	468.94947607510034	2300.0	600.0	4.908946431966621	0.2621721276385027
9800040	19859	121646.53223991394	1069.0	1172.5	526.3015612111875	2210.0	545.0	4.8111470250380375	0.2512100320577233
9900645	20009	122931.95440077782	1302.5	1137.5	770.722064041247	2720.0	515.0	4.818023293012307	0.23540520205454268
10000000	20163	124191.8504755497	1041.0	1177.5	459.96255886273565	1805.0	495.0	4.777965985739893	0.2101071108159874
