steps	episodes	elapsed	mean	median	stdev	max	min	average_q	average_loss
100054	868	854.4518308639526	54.0	60.0	25.03331114069145	80.0	20.0	0.1919319020192428	0.09200278257721449
200020	1608	2003.7012383937836	192.0	200.0	49.17090377222873	260.0	120.0	0.4802991026161135	0.13268337646708198
300100	2129	3191.620980501175	272.0	270.0	101.19288512538814	440.0	160.0	0.7328226029011805	0.19400042421683525
400321	2562	4430.781270027161	548.0	540.0	73.15128919650775	680.0	460.0	1.4119167566435198	0.2767240974552472
500553	2960	5684.725428581238	454.0	450.0	125.09551905999227	620.0	300.0	1.812695504744549	0.31802753403862627
600112	3454	6914.137702703476	316.0	310.0	96.05553948974867	480.0	180.0	2.2174917861243966	0.4470795794089297
700075	3934	8174.381711483002	262.0	290.0	59.962951524716956	320.0	140.0	2.5678814047416614	0.4984306110882682
800442	4383	9466.552733182907	362.0	310.0	122.00182148002727	620.0	220.0	3.089101988438059	0.6040633527791872
900456	4881	10795.340933084488	432.0	450.0	136.03921003397022	620.0	220.0	3.240027594821133	0.6554637437296773
1000272	5230	12137.552961587906	308.0	260.0	113.99805066559496	460.0	180.0	3.573793496419672	0.4746413277120612
1100446	5666	13499.864299297333	480.0	500.0	171.26976771553504	680.0	220.0	3.697495566987172	0.670340014489649
1200065	6142	14873.390097618103	424.0	420.0	67.19788356455548	520.0	340.0	3.6935725974960048	0.7272902036968718
1300106	6608	16230.535063505173	336.0	330.0	101.45606602531628	500.0	200.0	3.7622188407188273	0.672454887646072
1400322	6936	17653.381910562515	958.0	990.0	193.32183873875536	1200.0	520.0	3.9700668131635712	0.7773861638274651
1500146	7232	19037.44016456604	564.0	540.0	321.2198969899315	1180.0	120.0	3.802594459976086	0.6895491250373641
1600256	7537	20444.93249988556	654.0	620.0	224.50934155273907	1040.0	320.0	4.099453225524391	0.561883211581125
1700413	7808	21884.813019752502	1126.0	1180.0	325.1051112076421	1580.0	440.0	4.119193660805467	0.6679077595964518
1800375	8036	23320.418045520782	1388.0	1340.0	203.78638052845653	1680.0	1080.0	4.203321031752467	0.6309633189857264
1900097	8255	24763.858206033707	1706.0	1750.0	215.8291505386198	1980.0	1220.0	4.273876917373264	0.6146539061512866
2000089	8467	26197.7594769001	1724.0	1780.0	252.59541651511503	2060.0	1360.0	4.348898494877516	0.5578409084986158
2100382	8673	27628.86662530899	1810.0	1740.0	397.3523485382827	2300.0	1160.0	4.694796087055043	0.49039510781564366
2200197	8870	29068.36252808571	2062.0	2060.0	187.2490913788962	2340.0	1640.0	4.6661708912309106	0.5944085215098551
2300101	9058	30514.16146326065	2291.0	2390.0	394.58698519957403	2870.0	1500.0	4.909939361378121	0.5321714329266437
2400931	9226	31994.94161105156	3228.0	3320.0	905.0082872548737	4670.0	1860.0	5.046798227170189	0.6380767299638476
2500080	9419	33448.88145709038	3485.0	3880.0	1390.669303289287	5650.0	1700.0	5.757767461390031	0.663700970684366
2600384	9598	34974.89080476761	5031.0	4120.0	2192.4337060799708	9830.0	3020.0	5.833606160047002	0.7077676207572479
2700124	9765	36476.45835471153	4343.0	3500.0	2209.77148139802	8710.0	2160.0	5.990786021582633	0.6926470833306199
2800862	9949	37976.951845645905	3517.0	3360.0	1319.8320600237996	5920.0	1380.0	6.466075996795532	0.8301207385019913
2900801	10133	39456.69398069382	4802.0	4825.0	1686.3359359537142	8220.0	2240.0	6.542047772289398	0.7847065946679729
3000228	10300	40932.75527596474	4364.0	4205.0	2299.8801901161914	8750.0	1840.0	6.684688663296937	0.9904698712878869
3100118	10461	42415.90708422661	6754.0	6955.0	2581.1547803260464	11070.0	3840.0	7.0977219870915835	0.9605189568710607
3200419	10607	43926.595121622086	6639.0	6920.0	2071.6576830054614	9590.0	4110.0	7.202252614300446	1.0551492454096731
3300566	10763	45427.80412745476	5813.0	4825.0	3012.083258403651	11020.0	2380.0	7.380790201225995	1.0914384176107896
3400462	10927	46955.66775774956	6715.0	6600.0	3460.174208844918	13870.0	2420.0	7.7333557372937	1.0818572277564007
3501605	11083	48495.63975572586	7514.0	6075.0	3255.208475999997	12570.0	4420.0	8.07891126454928	1.3255674992381763
3600602	11223	50034.031750679016	8915.0	8290.0	3312.6030382297376	14120.0	4260.0	8.44499780151016	1.172652275060345
3700856	11379	51577.05641078949	6427.0	5710.0	3223.0525558510176	13620.0	2580.0	8.704424849693513	1.429145247783975
3800604	11535	53170.78247690201	7878.0	6710.0	4238.733563485941	17120.0	3700.0	8.781615133234016	1.8941540390319047
3900151	11676	54759.79038763046	8135.0	7470.0	3785.886803496492	14990.0	3800.0	8.81140316555462	2.1883635339793104
4000399	11822	56298.262378931046	6096.0	5905.0	1672.477868978308	9380.0	3640.0	8.979446734437817	2.444901973988012
4101528	11975	57868.2924118042	10321.0	10575.0	6063.419369006604	22160.0	3800.0	9.278033024753514	1.6649890774658387
4200350	12136	59401.01623773575	9119.0	6870.0	6486.963765035912	24680.0	3320.0	9.674381002773512	2.07199227130607
4300316	12283	60929.35960316658	4715.0	5200.0	1649.4931881574346	6930.0	1680.0	9.318549550970774	2.367541633779171
4401587	12430	62539.509222745895	7623.0	6855.0	3095.699705505472	15350.0	4800.0	9.687149393349335	1.494053525199385
4500950	12578	64120.60706591606	9120.0	8505.0	3457.548907021337	15490.0	3230.0	9.498051701319136	1.6046602756052926
4600676	12733	65721.33031630516	8537.0	8670.0	3309.3572722744148	13200.0	2700.0	9.579174047443543	1.5065068268640285
4700062	12890	67372.96829891205	11200.0	11400.0	4179.239696935849	18010.0	4480.0	10.365604228502436	1.5229015931110808
4800189	13027	69020.84209275246	11136.0	9455.0	6281.031762377897	19840.0	3440.0	10.475245983052826	1.4533969753681428
4900738	13171	70652.9842851162	8685.0	8765.0	3427.0533180043235	14570.0	3400.0	11.313794489349679	1.6247265809425488
5000457	13311	72251.86099934578	6737.0	6460.0	2957.8860694759696	11830.0	2560.0	10.380282168137418	1.5030037682387702
5100424	13453	73859.6407752037	9346.0	8990.0	3839.4912857478053	15070.0	3660.0	10.60698827866386	1.551735010391096
5200752	13597	75473.49722409248	8490.0	7400.0	4227.836326065615	16060.0	3980.0	10.937653856947692	1.519967375386239
5300410	13739	77081.60239005089	9206.0	8855.0	4117.931519586016	17030.0	4320.0	10.891614408382203	1.6991363020184183
5400538	13878	78709.94207572937	8580.0	7590.0	3313.796077679561	13460.0	4080.0	10.947247068215429	1.6996693031808399
5500194	14019	80382.54299688339	12973.0	11020.0	6700.330091371121	29290.0	7550.0	11.3102692044587	1.7234967950592017
5600119	14153	82024.99845004082	8771.0	7535.0	4262.99438319019	16370.0	4280.0	11.892178226309582	1.5123012251039345
5700707	14290	83709.34804439545	12590.0	10030.0	6630.3762252898505	24620.0	6310.0	11.881443540852432	1.5126891146888308
5800402	14433	85382.70975923538	8837.0	7130.0	4053.7364108793367	15520.0	4600.0	11.432088873643208	1.5457022590476484
5900086	14574	87082.20520544052	10135.0	10655.0	4759.564055667283	17810.0	5000.0	11.526525913064946	2.0090022983449742
6000256	14712	88771.49735879898	12846.0	13420.0	4298.002636884565	18660.0	4720.0	12.206534272862418	1.9686133235697538
6100090	14857	90422.56669330597	11715.0	11800.0	4585.974390586052	17760.0	4320.0	12.41799840647385	1.4231461196542838
6200206	14996	92101.89381670952	9373.0	9255.0	3420.052143852001	13620.0	4860.0	12.359209029109975	1.9968611083951195
6300057	15137	93749.27401256561	7107.0	6420.0	3137.348668329146	13190.0	3300.0	12.412929745542423	1.6737792023211104
6400083	15283	95401.86205863953	7648.0	7755.0	2613.8128811714464	11160.0	3960.0	11.726359955562863	1.7786464341155028
6501299	15429	97090.19788098335	7861.0	7995.0	2726.8600175945144	12670.0	3940.0	12.349501173207369	2.2244826354188163
6600753	15557	98772.43520188332	9145.0	9450.0	2334.0010949250027	12000.0	5060.0	12.174328900513768	1.9978992657651184
6700658	15693	100473.064037323	11815.0	10285.0	4597.5772605434995	18960.0	6740.0	12.18671808452745	1.7779376485082363
6801361	15831	102180.70129776001	10771.0	11220.0	3838.5919003949584	15550.0	5430.0	12.534781712336258	2.076632575343274
6900738	15962	103857.79441690445	10872.0	11145.0	4848.373839638285	22140.0	5820.0	12.891968744839037	1.5048303503707492
7000048	16099	105530.28365778923	12130.0	11685.0	4933.412161532377	19810.0	6590.0	12.042064739045031	1.471908375139857
7100201	16232	107148.63988685608	6361.0	6895.0	2256.395601642387	9460.0	2580.0	12.340171300769732	1.5742284902541814
7201140	16377	108834.72126579285	11058.0	10080.0	6202.760675699168	23410.0	3980.0	12.489669100822178	1.9628237988999755
7300046	16512	110467.03441166878	8926.0	8645.0	3533.1484228344807	16400.0	3020.0	11.713311849130454	1.8685194687905102
7400160	16642	112108.75101017952	6466.0	5920.0	3081.490259959006	12320.0	2540.0	11.669063190736848	1.4230444726157632
7500626	16775	113804.29044342041	12936.0	13230.0	4248.346606491623	19570.0	6840.0	11.528332638729665	1.5872332562184226
7600314	16912	115463.02653074265	10326.0	8710.0	5659.890458303941	22870.0	3560.0	12.46316568983306	1.8695040941710719
7700342	17047	117162.6653175354	12007.0	13645.0	4460.9591644249185	17850.0	3900.0	11.611509611529625	1.5510057483921587
7800880	17193	118861.04274630547	13479.0	12015.0	5980.2628147376045	24600.0	7450.0	12.195836189589032	1.596451242552033
7900412	17321	120511.99447822571	9282.0	8315.0	4333.655885431299	16600.0	3920.0	11.80805664364121	1.6601859364638778
8000156	17454	122143.123513937	9323.0	7500.0	4454.388722247856	17660.0	4900.0	11.945838089235425	1.6184653020494086
8101399	17589	123796.1857995987	13200.0	14990.0	6685.01973735971	26050.0	4620.0	12.476827558738753	1.3935723275349288
8201119	17722	125426.67316365242	10466.0	11930.0	3999.8088843232385	16070.0	5270.0	12.185044526811938	1.6159746817592715
8300185	17856	127034.25621724129	12431.0	14230.0	4707.347566423273	17320.0	4640.0	11.870260716387296	1.6540940504240362
8400468	17986	128707.83335375786	12367.0	12870.0	4882.931837875	19240.0	5780.0	11.56738017871389	1.919823038631871
8500719	18110	130389.52104473114	13515.0	11715.0	6702.862158146408	27940.0	6560.0	12.744739522893479	1.4229713261979564
8600026	18244	132026.00053048134	10704.0	9495.0	2740.000811029888	14680.0	7890.0	11.81808539754796	1.7113321327915927
8700052	18373	133639.48626589775	10917.0	13310.0	4448.338141623479	16440.0	3820.0	12.620447552632577	1.643292566899589
8800290	18507	135175.37455630302	9112.0	6740.0	5360.099086977984	19260.0	3560.0	10.852979632424422	1.3607243212582067
8900111	18639	136705.90216827393	14462.0	14690.0	4335.470754908476	20760.0	8900.0	12.594956286152946	1.6722954064824629
9001512	18772	138224.7271003723	13317.0	12970.0	4609.3529312089395	20890.0	6540.0	12.10006826822374	1.8039828630324821
9100079	18910	139691.33559775352	14462.0	14240.0	5785.93274915789	29060.0	8060.0	12.838331280261363	1.916055536705492
9201235	19050	141180.61760139465	11832.0	13350.0	3013.1887870936107	14830.0	6350.0	12.808758171515048	1.680524298222161
9300299	19183	142639.1865594387	10945.0	9395.0	4349.9661556793235	17790.0	6170.0	12.836915775791386	1.9396021812141915
9400202	19316	144071.7950603962	8843.0	8115.0	4600.954128100919	19980.0	4120.0	12.53036262220833	1.7856266471656463
9500230	19459	145529.7731947899	9819.0	7630.0	5402.039635380532	17990.0	3920.0	12.745170540690763	2.2128568495015104
9600580	19585	146997.0903403759	9425.0	6870.0	6157.207610236604	23090.0	5060.0	12.417093298300497	1.739554873328439
9700670	19720	148473.052516222	13887.0	14055.0	4491.050483399674	19870.0	4620.0	13.06575714519774	1.8079219260377923
9800938	19863	149902.11048722267	9072.0	7455.0	4916.4797704590765	16530.0	3990.0	12.873416389181077	1.727108825599922
9900420	20007	151349.8986747265	9275.0	8690.0	3651.800925570834	15210.0	5040.0	12.212109912223768	1.7436292598076932
10000000	20144	152840.45229196548	14517.0	16330.0	5071.0333156950255	19820.0	6060.0	13.638503139291645	1.6714743260140275
