steps	episodes	elapsed	mean	median	stdev	max	min	average_q	average_loss
100331	105	814.145998954773	-21.0	-21.0	0.0	-21.0	-21.0	-0.08765932622342919	0.19362035383738377
200540	214	1904.7616353034973	-20.8	-21.0	0.4216370213557839	-20.0	-21.0	-0.15296665566422082	0.1018961858692338
300254	314	3009.281299829483	-20.8	-21.0	0.6324555320336759	-19.0	-21.0	-0.2590347233712311	0.166673077633842
400476	412	4123.918287992477	-20.0	-20.5	1.3333333333333333	-17.0	-21.0	-0.24682720490983498	0.09788957863029238
501211	504	5263.620537281036	-20.4	-20.5	0.699205898780101	-19.0	-21.0	-0.27439320875732076	0.11941743770042587
601014	574	6422.859630584717	-17.5	-17.5	1.6499158227686108	-15.0	-20.0	-0.14273139060945209	0.13005508809493666
701565	635	7601.971399068832	-19.4	-19.0	1.0749676997731399	-18.0	-21.0	0.014930548358300844	0.12495424888404533
801953	690	8802.627692222595	-16.5	-17.0	1.90029237516523	-13.0	-19.0	-0.049534962227418954	0.10880685360142173
901890	737	10010.398897409439	-15.5	-16.5	3.6285901761795403	-10.0	-21.0	0.04125922521828892	0.10980358506960544
1001185	777	11195.56706237793	-16.5	-17.0	2.6352313834736494	-11.0	-20.0	-0.0001466953596776728	0.10993100183176262
1100281	820	12389.88362622261	-17.4	-18.0	1.9550504398153574	-14.0	-20.0	0.03704971787604456	0.1023651610126299
1200785	865	13615.488331079483	-15.0	-15.0	2.494438257849294	-11.0	-18.0	0.16677808672441655	0.08997196056024927
1301224	907	14818.634506702423	-14.5	-17.0	5.212165257037297	-6.0	-21.0	0.1387959509832954	0.09820100304248594
1401771	949	16047.361871004105	-17.9	-18.0	1.8529256146249728	-15.0	-21.0	0.20651640454951906	0.09496006017324284
1502230	989	17275.647388458252	-14.0	-15.5	4.268749491621899	-6.0	-18.0	0.14090166833349657	0.09340023433002616
1600878	1027	18491.92699956894	-9.8	-11.0	6.356099432828281	-1.0	-18.0	0.3729543072773178	0.09671762059643293
1700948	1064	19713.07306075096	-8.0	-9.0	8.65383665716478	5.0	-20.0	0.41350478024006176	0.10802836662484679
1800457	1097	20954.586010456085	-5.9	-5.0	4.2282121254470875	2.0	-13.0	0.5238785921385233	0.09660644219637902
1901450	1130	22218.57950282097	-2.6	-0.5	6.801960501698511	5.0	-14.0	0.6204370063127425	0.08815023243834208
2001413	1160	23468.008895158768	-2.1	0.5	7.0624201077093804	5.0	-13.0	0.5806116903295534	0.08081025249008449
2104137	1187	24776.708327054977	2.2	2.5	6.408327915038888	10.0	-7.0	0.5175014168965991	0.08242548015968096
2200829	1211	26029.040581703186	3.1	5.5	6.136412270663988	9.0	-9.0	0.5954573986047227	0.09254399422732701
2301052	1236	27346.27040910721	2.8	3.0	4.61398839279954	8.0	-5.0	0.594789582501837	0.09276984096750604
2401022	1259	28658.135532855988	5.2	5.5	3.359894178227774	10.0	-1.0	0.6500558318123024	0.0864294115934888
2500631	1282	29958.15528512001	1.8	2.5	4.049691346263317	8.0	-5.0	0.6871561426696556	0.09380878760170369
2602283	1306	31291.84582066536	0.7	1.5	3.743141876967945	7.0	-5.0	0.6931893789998252	0.09364080816708448
2703489	1330	32604.14896416664	1.2	1.0	4.871686908385363	11.0	-8.0	0.8045814497357121	0.080099698056498
2800382	1354	33879.19661331177	3.8	4.5	3.9384147967311813	10.0	-3.0	0.8805005659853089	0.08332378222053963
2903830	1380	35211.01830506325	8.4	8.0	2.8751811537130436	13.0	2.0	0.8393998509151465	0.06904084083782858
3003567	1404	36491.72774553299	7.7	8.0	6.03784361801095	16.0	-1.0	0.9394139538034628	0.07583198006065164
3100936	1429	37715.18306827545	0.4	5.0	9.86801792548928	10.0	-21.0	0.949302430813226	0.085006785235411
3200974	1454	38994.316038131714	-0.2	-1.5	4.022160834399561	5.0	-6.0	1.0146389686025834	0.08414425184343963
3301998	1480	40275.176505088806	9.4	10.0	3.893013685508382	15.0	3.0	0.9733622817583191	0.07417271512175738
3401528	1504	41522.95790696144	0.7	5.5	12.392201849012412	13.0	-20.0	1.010900057705478	0.06306791640664192
3501158	1530	42814.658376932144	4.2	3.5	4.1041983924323695	10.0	-3.0	0.9574406577090684	0.07563367361608711
3603260	1555	44137.68858838081	6.1	6.5	5.70477382938574	13.0	-4.0	0.8573887335295646	0.07031524463478109
3701779	1579	45436.88081550598	6.1	7.0	5.97122730730924	13.0	-6.0	0.9610490303045545	0.07234959821863336
3800275	1603	46727.42037653923	6.0	5.5	5.185449728701348	14.0	-3.0	0.9051799664382818	0.07201874951664315
3903296	1630	48037.362770318985	7.0	7.0	4.666666666666667	14.0	-2.0	0.966148021852347	0.06849984551371383
4003422	1657	49330.76733088493	7.6	7.5	4.087922591134904	13.0	1.0	0.9749508770645238	0.0720488699388399
4102889	1683	50621.52798628807	5.7	4.0	4.9899899799498595	16.0	-1.0	1.0545195585791445	0.06354086243052577
4201190	1709	51899.712238550186	8.6	9.0	3.272783388968954	13.0	4.0	1.0161568490179524	0.07231770377520763
4304024	1736	53207.11842942238	9.3	9.5	3.743141876967945	15.0	4.0	1.0390203537735598	0.058403702575820664
4400573	1762	54429.421926021576	11.8	12.0	2.14993539954628	14.0	8.0	1.00237809782902	0.052703986235358456
4502594	1790	55707.41283464432	13.4	13.0	1.8973665961010275	17.0	11.0	1.054492489445146	0.052637610077701034
4602604	1819	56977.93379402161	10.2	10.5	3.8815804341359033	16.0	2.0	1.0075562066935007	0.05814706394760723
4702801	1847	58239.1740295887	11.8	12.0	1.7511900715418263	14.0	8.0	1.11220019332565	0.05455359943699354
4800267	1876	59481.67815732956	10.4	10.0	2.796823595120404	15.0	6.0	1.0309313841282242	0.06473255486954674
4901011	1906	60745.43094587326	15.0	15.0	3.3333333333333335	20.0	10.0	1.1080280746804099	0.05672736755474204
5000215	1941	61953.82333660126	17.3	18.0	2.1628170930011112	21.0	15.0	1.1968440423044753	0.05898010600827225
5100556	1981	63164.11766791344	18.0	18.0	1.8257418583505538	20.0	15.0	1.1809325039956626	0.049353191726810075
5201447	2023	64380.049187898636	17.3	17.0	1.636391694484477	20.0	14.0	1.2787335942943028	0.05555005274975913
5301035	2063	65577.49245786667	18.5	19.5	2.6770630673681683	21.0	12.0	1.3290914084047494	0.04815089025086186
5401386	2106	66795.40054321289	16.2	16.0	1.6193277068654826	19.0	14.0	1.2459593681899397	0.04829730063444524
5500490	2147	67986.86922287941	17.9	18.5	1.911950719959998	20.0	15.0	1.4357797526958267	0.041699445936613025
5600528	2188	69191.71629524231	18.2	18.5	2.14993539954628	21.0	15.0	1.4635211987263574	0.045583739382639724
5701250	2232	70408.4436674118	18.4	19.0	1.505545305418162	20.0	16.0	1.4722741901551974	0.0480140439335512
5801729	2273	71614.44847559929	18.9	19.0	1.728840330651992	21.0	16.0	1.5512594265031827	0.03855018699151731
5900823	2316	72809.83801746368	18.8	19.0	1.8737959096740262	21.0	15.0	1.4729179609669578	0.03729470028517722
6001629	2360	74018.12862920761	19.1	19.0	1.1972189997378648	21.0	17.0	1.4721704940050595	0.030258897795108246
6100170	2402	75230.47434663773	14.1	14.5	2.766867462592951	18.0	9.0	1.3394681807240376	0.03568790961044571
6201027	2447	76450.58507800102	18.4	19.0	2.065591117977289	21.0	15.0	1.4912805667992894	0.03843662919995393
6301338	2489	77655.44831085205	18.6	18.5	1.505545305418162	21.0	16.0	1.459297790942742	0.04004422255435859
6401191	2531	78859.26569867134	19.4	20.0	1.837873166945363	21.0	15.0	1.5578182877795606	0.03128980746427069
6501398	2574	80074.09619927406	18.6	19.5	2.0110804171997807	21.0	15.0	1.4980914629306243	0.025632579483752208
6600899	2616	81276.5500702858	18.1	17.5	1.8529256146249728	21.0	15.0	1.5787489001228057	0.0301387545436529
6700776	2660	82482.65185642242	17.8	18.0	2.043961295567452	20.0	14.0	1.5741904944620646	0.028773990262276016
6800152	2704	83687.07435798645	18.0	18.0	1.632993161855452	20.0	15.0	1.5814004897685452	0.031187026896529534
6900147	2748	84893.85791540146	18.7	19.0	1.5670212364724212	21.0	16.0	1.5505785237167407	0.027403406865515244
7000521	2792	86105.06612610817	19.0	19.0	1.632993161855452	21.0	16.0	1.4673444216955782	0.03192356977918769
7100849	2835	87312.11359834671	19.6	20.0	1.1737877907772674	21.0	17.0	1.625919085613843	0.03114227772380254
7200020	2878	88511.864433527	19.4	19.0	1.0749676997731399	21.0	18.0	1.415600707138982	0.03138465143209269
7301500	2924	89738.80488228798	18.0	18.5	1.5634719199411433	20.0	15.0	1.4922556531897182	0.026853864219433837
7401450	2968	90950.27381277084	19.1	19.0	1.5238839267549946	21.0	16.0	1.542603560874064	0.025275536499117127
7501178	3012	92157.32061839104	19.3	19.5	1.2516655570345725	21.0	18.0	1.5190180615214801	0.022100968440398452
7601748	3056	93369.836435318	19.5	20.0	0.97182531580755	21.0	18.0	1.5096327195626484	0.022588550568599222
7700391	3100	94563.30253458023	19.1	19.0	1.1005049346146119	21.0	17.0	1.4273046036916024	0.03076568527110158
7800598	3145	95774.71540212631	18.9	19.0	0.5676462121975466	20.0	18.0	1.4780767817317797	0.025576946903227565
7900303	3189	96986.58811497688	18.3	18.5	1.4181364924121764	20.0	16.0	1.534961485985266	0.024913580020108482
8000274	3233	98200.48073649406	19.5	19.5	1.35400640077266	21.0	17.0	1.5182580635043834	0.02060556916312255
8100180	3277	99407.11390829086	19.2	19.0	1.0327955589886444	21.0	18.0	1.568509676093666	0.021267349648750284
8200584	3323	100620.58041524887	20.0	20.0	1.0540925533894598	21.0	18.0	1.5825649951945142	0.0224737854381515
8301298	3369	101843.13087511063	18.7	19.0	2.0027758514399734	21.0	15.0	1.5513001188726152	0.021339785655321936
8401849	3415	103067.31321263313	19.3	19.5	1.1595018087284057	21.0	17.0	1.517306737221499	0.01618827100630632
8501286	3460	104283.6297955513	18.3	19.0	1.4181364924121764	20.0	16.0	1.4926655791075034	0.01861624542091351
8600792	3503	105491.38649177551	19.6	20.0	1.1737877907772674	21.0	17.0	1.5293176297030264	0.0205651735716443
8703186	3549	106736.32547688484	19.5	19.5	1.35400640077266	21.0	17.0	1.5730472433382379	0.024575414036935094
8801201	3594	107930.47451877594	19.3	20.0	1.8287822299126937	21.0	15.0	1.5677755242495837	0.014735828100635204
8900549	3639	109136.95355916023	19.5	19.5	0.8498365855987975	21.0	18.0	1.4945362874094967	0.01898449477274593
9000175	3685	110364.59496021271	19.4	20.0	1.3498971154211057	21.0	17.0	1.5348430852090245	0.019364902723839273
9101506	3731	111598.52644181252	19.6	20.0	1.07496769977314	21.0	17.0	1.5091507410185319	0.016227766908804828
9200978	3776	112813.17127013206	19.1	19.0	1.5238839267549946	21.0	16.0	1.5541202659864153	0.017678827215449857
9301079	3821	114034.17449140549	19.1	19.5	2.183269719175042	21.0	15.0	1.5324912829426984	0.025232906064162435
9400080	3865	115254.38888287544	18.7	18.5	1.4944341180973264	21.0	17.0	1.4676916183183797	0.01419099095695491
9501813	3910	116502.78253602982	19.0	18.5	1.1547005383792515	21.0	18.0	1.49570358567138	0.0218753432315371
9601801	3955	117731.03087902069	18.7	19.5	2.263232692902394	21.0	14.0	1.4581517396002863	0.01654258856406162
9700046	3999	118945.62932729721	18.2	19.0	2.043961295567452	21.0	15.0	1.4948447316727829	0.01648071196615007
9801450	4045	120192.64377140999	18.7	18.5	1.2516655570345725	20.0	17.0	1.5413442966112922	0.014775043019326042
9900984	4090	121398.81275439262	19.1	20.0	1.8529256146249728	21.0	15.0	1.4902377561721591	0.015352553260978835
10000000	4134	122602.8722448349	19.3	19.0	1.1595018087284057	21.0	18.0	1.4706190650414195	0.015419245053255422
