steps	episodes	elapsed	mean	median	stdev	max	min	average_q	average_loss
100073	2960	830.764899969101	5.5	5.5	5.797509043642029	11.0	0.0	0.07200865371873613	0.12548627742922486
200007	5895	1934.7988963127136	1.0	0.0	1.4142135623730951	3.0	0.0	0.09232337533446952	0.04443562915057708
300072	8734	3042.163954257965	0.9	1.0	0.5676462121975467	2.0	0.0	0.14045877350987174	0.0689960176420332
400006	11647	4187.909478902817	0.4	0.0	0.966091783079296	3.0	0.0	0.12197914441727996	0.06770701156291609
500015	14201	5352.281913995743	2.9	2.0	2.3309511649396115	9.0	1.0	0.1977040082940668	0.08141678696407317
600084	16407	6533.918534040451	4.6	5.0	3.470510689285432	11.0	1.0	0.25341538105832345	0.0729163389070401
700051	18037	7738.5658304691315	10.7	12.0	2.359378449224852	13.0	8.0	0.5202775724086989	0.07809501240744501
800032	19315	8968.492944955826	5.8	6.0	5.493430419854044	11.0	0.0	0.570649713301389	0.09018039012560024
900023	20453	10212.549700737	12.1	12.5	2.998147576235848	16.0	8.0	0.6853950842101579	0.11414097353406454
1000033	21431	11488.059430599213	12.4	12.5	4.948624949305503	23.0	5.0	0.7615396558416193	0.13611121065210038
1100035	22304	12786.497258424759	14.2	12.5	4.962078417580905	26.0	9.0	0.7687244613535188	0.1553037068151371
1200085	23119	14091.548273563385	16.3	14.5	7.46919600016554	35.0	10.0	0.9300272562109553	0.18563584683574458
1300118	23858	15406.517758369446	22.9	21.0	6.008327554319921	33.0	16.0	1.1256328326864171	0.21111369384045564
1400188	24537	16730.531142950058	23.6	23.0	11.93687098400954	43.0	7.0	1.0930652070653026	0.19215520569859912
1500014	25154	18051.803809165955	32.0	30.5	9.614803401237305	53.0	19.0	1.2399788588783456	0.21952717510045427
1600201	25692	19375.252962112427	31.8	32.5	7.583608053631933	46.0	22.0	1.139148991283144	0.271650791444106
1700073	26200	20698.35239839554	47.5	43.0	23.740495174092537	109.0	30.0	1.40290401040603	0.26107372476448937
1800118	26691	22038.339844226837	45.1	47.0	15.314843924912994	71.0	29.0	1.3406083990778377	0.24060339186498078
1900078	27138	23359.94538283348	38.4	37.0	14.645439183885504	69.0	19.0	1.434461006322183	0.2312259250188262
2000164	27589	24691.601070165634	51.8	49.0	16.376134396669375	77.0	27.0	1.6709869876770842	0.268645715291962
2100046	28037	26035.493072748184	62.1	66.5	15.102979838429237	77.0	37.0	1.579579540340417	0.2620788579490673
2200284	28448	27384.06756734848	62.0	59.0	20.37972849017703	104.0	32.0	1.6857770812725943	0.24927549113696948
2300158	28853	28734.04380607605	67.5	67.5	28.249877089211477	114.0	23.0	1.4815801896188048	0.2236007724070616
2400190	29263	30082.24972510338	55.8	56.5	12.15456018675021	74.0	35.0	1.6607737750510794	0.3294386588504918
2500031	29644	31451.60602092743	144.5	124.5	74.20429756946545	257.0	50.0	2.7509572490211087	0.2758102515588663
2600579	30027	32821.06053376198	69.0	64.0	17.441967269268172	104.0	48.0	1.9025481879699395	0.292601041963554
2700018	30396	34177.57140135765	78.1	81.5	24.69120401186535	108.0	36.0	2.2420816405305986	0.249696775946274
2800047	30769	35546.51981163025	87.4	86.5	22.450934155273906	126.0	47.0	2.3476793328643355	0.4186846643207854
2900515	31142	36936.60191965103	93.4	85.0	35.861461828046615	178.0	60.0	2.3061009858217005	0.5342569629487373
3000441	31527	38309.24431300163	86.6	90.5	24.441312930728124	118.0	46.0	2.1209089992654713	0.3317807231920347
3100344	31892	39717.71533417702	114.0	90.5	57.613655788652515	249.0	63.0	4.009065820512912	0.4006884436672768
3200182	32267	41122.10244631767	147.3	128.0	79.73295707826497	290.0	66.0	3.772662289174942	0.5966124680937954
3300067	32626	42521.6644859314	132.9	132.5	44.791988370937744	204.0	78.0	13.690425926613537	0.8619534999072365
3400350	32973	43950.204594135284	130.9	114.5	62.87633365053447	250.0	49.0	2.658121059792141	0.44378826679476135
3500231	33338	45370.168629169464	160.3	158.5	65.97145847511129	272.0	52.0	3.491060529243307	0.7110538311803805
3600401	33687	46819.46389436722	143.5	137.0	58.68796961710107	282.0	79.0	2.327706044617907	0.4635939296050971
3700084	34039	48247.43612194061	150.7	145.0	38.92171630336976	210.0	105.0	10.456261576899296	0.7326312422522302
3800110	34393	49688.276436805725	181.8	188.5	42.30786635550835	243.0	127.0	4.793420028128434	0.6904264833204528
3900330	34742	51117.33052396774	183.6	198.0	81.64312585882537	281.0	4.0	6.275032082674834	0.8647692892591773
4000639	35073	52550.116597652435	188.8	214.0	82.69327528752129	289.0	64.0	4.885756723674482	0.5347332057226929
4100046	35397	53992.03299450874	232.9	236.0	43.00503846450243	311.0	169.0	5.462351943355858	0.9888797069465125
4200144	35743	55451.119791030884	212.2	211.0	84.07906332071552	332.0	48.0	4.362076310163781	0.8472095402158949
4300106	36092	56911.92551231384	215.6	199.0	60.59922991809934	360.0	141.0	6.6525079685684725	0.8145915581590258
4400074	36416	58373.70358800888	205.8	198.0	77.3847530202171	309.0	86.0	4.52415872050012	0.6284597202514238
4500323	36757	59849.29402971268	197.9	215.0	92.45473366884887	321.0	39.0	4.481019666895982	0.9241540539105464
4600018	37097	61338.79928636551	226.5	225.5	91.85888936600287	393.0	59.0	4.859928769263148	0.8044938675156976
4700020	37436	62805.16891956329	195.1	193.0	49.4648023008954	296.0	97.0	4.748923482941576	0.8308484876322126
4800091	37788	64295.21448326111	284.6	302.5	48.286644116152864	350.0	192.0	4.019671761310592	0.9400339358359119
4900069	38124	65782.62342834473	259.3	282.0	87.60396997599798	378.0	119.0	4.208988244699742	1.0221408397523999
5000993	38487	67300.13182377815	236.2	248.0	104.04678434883672	374.0	92.0	4.099417880127723	0.8716436776456848
5100480	38853	68773.11296844482	273.2	300.0	75.05227807631455	364.0	150.0	5.4092168569770775	1.040765507128293
5200503	39186	70274.47179079056	293.8	334.0	103.40406181577201	382.0	87.0	5.040688511565939	0.9154656818586795
5300068	39504	71764.93402719498	285.1	299.5	108.29840462557353	406.0	55.0	4.699300237179	0.9442936218737445
5400065	39847	73257.42531967163	179.3	180.5	93.11408772754707	310.0	55.0	4.7183798547348825	1.0668846008505584
5500047	40188	74759.28102946281	311.5	315.5	62.05776878575853	393.0	202.0	4.809357650150902	0.9069099057256261
5600717	40506	76274.40588235855	202.3	202.0	120.9389653227335	370.0	46.0	5.912053150904606	1.1153443004822445
5700109	40848	77757.39711046219	238.2	236.5	132.3251886662383	428.0	51.0	4.322770906118581	0.9660145705869342
5800283	41191	79228.58626008034	266.1	309.5	123.92869813817227	427.0	107.0	5.357162144335039	0.9167486785098139
5900095	41538	80554.1018872261	52.2	46.5	31.94022194315152	105.0	11.0	3.023046382940055	0.9306075573892862
6000382	41887	81890.41732048988	270.2	294.0	84.3771954446882	376.0	85.0	5.657490227739419	0.9258466310690718
6100617	42242	83212.67751979828	239.7	241.0	100.13219040626025	403.0	69.0	5.767164688882981	1.1237308325426054
6200881	42577	84556.82913470268	297.0	325.0	80.93207028119323	395.0	174.0	4.947090159047582	1.0868391592822126
6300903	42916	85898.62997746468	327.6	364.5	104.13260776529127	424.0	94.0	5.296818749644339	1.0636977159201473
6400233	43248	87211.73459005356	247.3	266.0	90.02104692175541	381.0	97.0	5.991030550082191	0.9256637566884849
6500035	43591	88545.88525414467	272.5	302.5	115.529938399822	395.0	81.0	5.635333066161291	0.9078609978738978
6600137	43919	89886.07000660896	318.7	352.5	112.37442374095234	431.0	127.0	5.025951981023097	0.8608084532640717
6700957	44256	91241.2690308094	357.9	368.5	70.44375218727508	431.0	196.0	4.581311705684711	0.8691204023801846
6800004	44614	92578.93967413902	331.3	349.5	79.31939653493757	414.0	180.0	4.200162059488787	0.7591201450821449
6900112	44954	93894.89840269089	208.7	191.0	92.02662658165842	353.0	81.0	5.199183035754009	0.8375418389236285
7000087	45282	95223.80984663963	244.1	229.0	103.25959734787098	428.0	126.0	4.783508602480525	0.9863498907797422
7100117	45622	96558.46828484535	287.9	333.0	97.59149553111685	369.0	66.0	6.254384510969453	0.9652394659791459
7200069	45964	97854.179905653	137.6	107.5	107.5445127480813	400.0	33.0	5.070542334315386	0.9879602800201018
7300115	46327	99168.65833067894	212.3	190.0	141.8669564533381	386.0	56.0	3.6834743527623828	0.9499753865352542
7400145	46685	100493.68318462372	303.6	319.0	67.15190077561303	367.0	158.0	5.679044746758545	0.9810801319785054
7500197	47051	101826.05516600609	280.7	330.5	125.49107980693732	428.0	39.0	5.896668212309827	0.9426297956341039
7600195	47397	103155.92541456223	323.2	348.5	117.28957517377427	428.0	18.0	5.9058132576607605	1.016195082510607
7700258	47728	104478.56876587868	358.6	380.5	60.551539112469214	419.0	251.0	6.361774938676817	0.9029764279427839
7800314	48078	105799.7473154068	304.4	328.0	116.61065322021159	408.0	74.0	5.186629031878595	0.9343910246994673
7900273	48428	107134.56699419022	319.5	365.0	111.52304196393177	422.0	49.0	4.362956061446677	0.7869391201663303
8000365	48757	108465.70820331573	304.5	360.0	114.22614022679359	423.0	111.0	5.931272210942982	0.9403504113890229
8100359	49109	109784.60664486885	326.3	361.5	94.66437790660457	413.0	144.0	6.0718802401959575	1.0234041026783405
8200023	49424	111091.3589310646	337.0	386.0	100.02999550134949	410.0	125.0	5.906735072141584	0.9366227939505901
8300307	49742	112406.84553098679	332.4	351.5	99.06137267146845	420.0	78.0	6.4241386602009865	0.9676058524806828
8400018	50104	113710.63017344475	272.3	324.0	136.82840023588346	393.0	53.0	5.241334830077782	1.0366314377282748
8500221	50460	115018.28175187111	300.2	339.0	130.6452363378695	427.0	48.0	5.319043157802594	0.96356366728552
8600556	50801	116349.08908033371	310.1	391.0	131.5653196451608	424.0	67.0	5.321555963191038	1.0103733948379292
8700590	51166	117649.70759654045	331.9	372.5	90.3738531508607	405.0	158.0	6.460656622551358	0.8544133224713953
8800164	51507	118967.09374308586	357.5	369.0	51.51321297600366	420.0	248.0	5.994085695356313	0.9561556002647461
8900432	51866	120270.48753452301	292.4	314.0	110.79430390492905	424.0	100.0	5.031293316235282	1.1146101394332495
9000024	52197	121559.20893740654	259.2	256.5	84.64277878236277	380.0	116.0	6.238577581431185	1.0103738715395347
9100082	52538	122824.15977716446	118.3	69.0	107.21219872549744	327.0	13.0	3.2958930265643334	0.9017136855460414
9200310	52897	124139.38235116005	329.8	348.5	88.00984793381554	427.0	123.0	6.3622823168054525	0.9469477067297959
9300120	53249	125423.69953727722	267.2	335.5	156.24467990942924	427.0	31.0	4.7997765391508995	0.9257851912985858
9400033	53623	126706.82445645332	226.3	207.5	106.26805728910263	390.0	73.0	6.858009511210645	0.96230326019099
9500006	53989	127996.62017965317	331.0	334.0	65.63704915840003	424.0	215.0	6.803980977265437	0.8687812245434372
9600173	54355	129293.93716597557	261.8	287.0	74.85660365733347	372.0	141.0	5.828339357756809	1.0687081942460654
9700171	54695	130571.70888090134	286.0	303.5	111.84711787872666	409.0	78.0	5.84708819347723	0.9893813819646675
9800239	55058	131885.62549734116	320.4	365.0	118.70804522019559	423.0	69.0	5.53685875019006	0.9018159854619536
9900074	55404	133173.50881385803	329.1	396.0	126.14229178898637	424.0	89.0	6.14695347515118	0.7936120840693437
10000000	55745	134453.03373479843	303.5	357.0	110.35624132780167	410.0	107.0	6.541681073193007	0.9983352962819038
