steps	episodes	elapsed	mean	median	stdev	max	min	average_q	average_loss
100852	108	851.9912540912628	-20.7	-21.0	0.48304589153964794	-20.0	-21.0	0.1257380662480329	0.2852252357943251
200723	215	1942.1946697235107	-20.8	-21.0	0.4216370213557839	-20.0	-21.0	0.022506235136635633	0.08367045994276814
300695	321	3063.965716123581	-20.8	-21.0	0.4216370213557839	-20.0	-21.0	0.0017195158093732937	0.13411456016507306
400746	422	4196.71958732605	-21.0	-21.0	0.0	-21.0	-21.0	-0.1753562880506996	0.13511384426797865
500372	516	5394.112995862961	-18.0	-18.0	2.5385910352879693	-14.0	-21.0	0.024881733660370733	0.10239392613511512
600299	592	6614.900901556015	-18.9	-19.5	1.911950719959998	-16.0	-21.0	0.025552508714773634	0.12279255480916812
701052	661	7861.669309616089	-20.3	-20.0	0.6749485577105528	-19.0	-21.0	0.04550325124166631	0.12926697903611026
801102	721	9132.966919183731	-19.5	-20.0	1.509230856356236	-17.0	-21.0	0.0797320567519209	0.13337796000183655
901654	774	10444.76806807518	-17.5	-17.0	2.5495097567963922	-13.0	-21.0	0.11346354624560988	0.13092420566742963
1002117	820	11821.628158330917	-16.7	-17.0	1.567021236472421	-15.0	-20.0	0.1369155414191929	0.12337655661057434
1101730	862	13194.745673656464	-16.4	-17.0	2.4129281427805145	-13.0	-21.0	0.14834959238491544	0.1287731691006455
1201137	903	14552.510710000992	-19.2	-20.0	2.1499353995462798	-14.0	-21.0	0.20571724340576822	0.1305577623357702
1300926	942	15977.306794166565	-10.3	-11.0	2.263232692902394	-5.0	-13.0	0.19708762123087367	0.11882859873694132
1401631	981	17428.984681367874	-9.1	-10.0	4.012480529547776	-4.0	-16.0	0.19267113584461068	0.12348240717150945
1500756	1022	18829.496118545532	-14.1	-16.0	4.909175083453431	-2.0	-19.0	0.25475958000556315	0.12324858130288975
1600421	1063	20287.996230363846	-6.4	-6.5	6.44980619863884	3.0	-17.0	0.25505423543184846	0.10405671960614117
1700723	1101	21717.248028755188	-10.0	-11.0	2.9814239699997196	-4.0	-13.0	0.33120519222955225	0.14019288622938114
1801844	1133	23082.541966199875	-16.1	-17.0	4.483302354291979	-8.0	-21.0	0.36664250107560026	0.12267161008538757
1903556	1166	24533.5325653553	-5.1	-1.0	9.445163371329853	5.0	-21.0	0.5756094007937828	0.139662182911079
2000898	1193	25957.83393216133	4.1	3.5	3.8137179293236207	11.0	-3.0	0.6032330401785978	0.13084088190047002
2102610	1222	27410.2694709301	-7.8	-8.5	4.541169697580374	3.0	-14.0	0.5637553970764329	0.11789306287397643
2200296	1247	28911.035324811935	0.0	-2.0	5.57773351022717	9.0	-8.0	0.6730644601224931	0.12760235730168973
2303404	1274	30441.473558664322	-3.6	-4.5	3.062315754094894	4.0	-6.0	0.7411325045198023	0.121208726523088
2400406	1296	31925.78764772415	3.9	4.5	4.280446497997869	10.0	-4.0	0.7361589517804583	0.12736741873034255
2501784	1320	33428.63820886612	5.3	6.0	3.560586718193756	9.0	-3.0	0.8765607512821713	0.13832759882853832
2602360	1344	34947.183812856674	2.1	1.5	2.7264140062238043	7.0	-2.0	0.9340399291420579	0.09846276782020363
2701259	1368	36451.00049710274	4.2	5.0	2.440400695696417	7.0	-1.0	0.9968052392506239	0.13575043385176536
2802547	1393	37965.4745862484	10.1	10.0	2.998147576235848	17.0	7.0	0.9741526892698233	0.09142456556724375
2901553	1417	39465.05971169472	0.3	0.5	4.9899899799498595	10.0	-6.0	0.9265241000343405	0.10965061918019892
3000672	1441	40955.56746292114	8.5	8.0	2.068278940998476	11.0	6.0	1.0376334397338942	0.11339563552797302
3100658	1465	42458.33690547943	10.7	10.5	2.9832867780352594	14.0	5.0	1.0752905015504228	0.10992888242141845
3203020	1490	43958.36074972153	10.5	11.5	3.3416562759605704	15.0	4.0	1.146254387015264	0.09060281489072475
3302368	1515	45460.53960728645	8.4	9.0	2.1186998109427604	12.0	4.0	1.0058461361235622	0.08744484940899099
3401048	1539	46934.45292162895	10.1	10.5	3.414023367751831	15.0	3.0	1.0899589297545178	0.10422049254746808
3500598	1564	48432.00288319588	10.9	11.0	3.2472210341220142	16.0	7.0	1.1684860884459614	0.1103633891762492
3602002	1590	49974.53179240227	7.9	7.0	4.483302354291979	17.0	2.0	1.1274436259417095	0.0995017451798701
3702122	1615	51458.28398728371	11.1	11.0	3.446415206816755	17.0	5.0	1.1302655347409927	0.09173717114459079
3802746	1642	52983.95018362999	9.4	10.5	2.3664319132398464	12.0	5.0	1.1032695784405742	0.09088611077170405
3902999	1668	54503.18963241577	9.3	10.0	2.7908580918579307	13.0	3.0	1.1736160358827892	0.10349493793049748
4001940	1695	55972.64416837692	10.1	9.5	3.784471194529326	16.0	5.0	1.0488485689270606	0.10373882285570434
4101448	1722	57511.05840039253	8.8	8.0	3.73571352696584	16.0	5.0	1.2437799768188942	0.07986712167924304
4201282	1750	59018.98221850395	12.3	12.0	4.083843505544474	18.0	3.0	1.1931573859970521	0.08928280366639935
4302442	1779	60537.06584739685	14.8	14.0	2.7406406388125952	21.0	11.0	1.3032820055567944	0.09407099472010584
4402751	1808	62079.86127614975	11.6	12.5	4.221637386396684	17.0	2.0	1.2409434203167626	0.0933823624921415
4500581	1836	63582.07554221153	11.7	12.5	3.3015148038438356	17.0	4.0	1.2853078669328994	0.09949688464642696
4601338	1865	65111.7814412117	12.8	12.0	3.3928028399998595	18.0	8.0	1.275854642865948	0.08128242399006191
4701381	1896	66627.834389925	15.0	16.0	2.6666666666666665	19.0	10.0	1.2725194329121745	0.08453741951251406
4800943	1925	68136.59746980667	15.0	14.5	1.632993161855452	17.0	13.0	1.3707506996203525	0.07535607441397056
4901661	1956	69666.37624621391	15.0	15.5	2.494438257849294	18.0	9.0	1.2001447897590103	0.07546205970504426
5000305	1986	71154.36530518532	16.1	16.0	2.64365067451978	19.0	12.0	1.2019297781776153	0.08353586497104525
5101016	2016	72702.86853146553	13.9	13.5	2.024845673131659	18.0	11.0	1.2625306532391096	0.07920801472532078
5201753	2047	74221.76354384422	17.1	17.5	2.183269719175042	20.0	13.0	1.3229980824397345	0.08120517740768252
5301985	2081	75723.41510820389	18.3	18.5	1.3374935098492586	21.0	17.0	1.24120613393251	0.07419569243321004
5400951	2113	77230.63109874725	17.2	17.0	2.043961295567452	20.0	14.0	1.277999044044478	0.09929973983394352
5502605	2146	78761.95201706886	18.4	19.0	2.0110804171997807	21.0	14.0	1.334963582318312	0.07549918258658352
5600756	2179	80262.86311388016	18.6	19.5	2.065591117977289	20.0	14.0	1.3575585631471772	0.0936470021060458
5700411	2214	81788.3134317398	18.2	19.0	1.5491933384829668	20.0	16.0	1.2836467027005432	0.1007990284342102
5803344	2249	83378.25365543365	16.3	15.5	2.359378449224852	20.0	13.0	1.3815308488386668	0.08517151310745359
5902507	2282	84896.9365324974	17.3	16.5	2.3118054512532935	21.0	14.0	1.3875203723293763	0.0704616975612907
6003235	2316	86438.08317780495	18.2	18.0	1.8135294011647258	21.0	15.0	1.4375278243165308	0.09085836111472897
6101995	2351	87964.16154003143	14.9	14.0	3.8715486421958962	21.0	9.0	1.4072411405518803	0.06703372245891007
6202181	2387	89531.7880551815	13.9	14.5	2.923088169119167	18.0	9.0	1.3755806008421378	0.09252043675618925
6300912	2422	91064.16878795624	15.2	16.0	3.6453928305312844	19.0	9.0	1.361688023767241	0.10079316945157014
6401714	2456	92608.01026940346	18.3	18.0	1.4944341180973264	20.0	16.0	1.4746592940289314	0.06901061069976665
6500171	2491	94114.19231677055	18.9	19.0	1.1005049346146119	20.0	17.0	1.5132601716991316	0.07334499260495017
6600597	2528	95650.45256304741	18.1	18.5	2.4698178070456938	20.0	12.0	1.4778100693224663	0.06506410472732345
6702384	2563	97215.98997759819	17.6	18.0	2.065591117977289	20.0	14.0	1.5232428646479483	0.08203637430007624
6802455	2600	98755.32601189613	19.1	19.0	1.8529256146249728	21.0	17.0	1.5252996582436544	0.0657407673500928
6902274	2636	100290.5805170536	18.5	18.5	2.173067468400883	21.0	16.0	1.5188749432589526	0.0623110440411315
7001029	2672	101820.43400549889	17.5	18.0	1.4337208778404378	19.0	14.0	1.518871445101459	0.09192038730334087
7101813	2709	103396.87864756584	13.5	14.0	2.273030282830976	17.0	8.0	1.328341417933147	0.07713355366165234
7201320	2744	104928.731487751	17.7	18.0	1.888562063228706	21.0	15.0	1.443655461800112	0.06909264800512381
7300907	2781	106479.51856088638	16.9	17.0	2.330951164939612	20.0	12.0	1.5210554055770396	0.0764046740954969
7402760	2819	108043.52097129822	18.0	18.0	2.160246899469287	21.0	14.0	1.5116798930701758	0.06572099242231698
7500444	2855	109542.09569358826	18.9	19.0	1.1972189997378648	21.0	17.0	1.5560851806754017	0.10078419975951133
7601236	2892	111084.82183432579	18.0	18.0	2.0	21.0	15.0	1.4399319747503183	0.06799823193747562
7700576	2928	112590.32192802429	19.0	19.5	1.7638342073763937	21.0	16.0	1.5802173467982228	0.07752926636730426
7801601	2966	114127.3229136467	16.8	17.0	1.9888578520235063	21.0	13.0	1.5526538437864192	0.07148036925688764
7900662	3003	115627.31460952759	17.6	17.5	2.3190036174568114	21.0	14.0	1.531664775383038	0.07466495266548909
8001498	3043	117145.64199137688	18.5	19.0	2.6352313834736494	21.0	12.0	1.5447874448081687	0.06468113260316262
8101842	3083	118653.66028928757	18.4	18.5	1.2649110640673518	20.0	16.0	1.5121858720330663	0.05478914518383238
8201646	3121	120115.48734116554	17.6	18.0	1.776388345929897	20.0	14.0	1.4569932666501737	0.06732276273531398
8301584	3159	121538.535343647	16.0	15.5	3.1269438398822866	20.0	11.0	1.4135013071622833	0.061518546988028514
8401738	3196	122942.89029455185	18.3	18.5	1.4181364924121764	20.0	16.0	1.4819201953513488	0.054244808205061404
8500169	3233	124334.17214369774	17.6	18.0	1.4298407059684812	20.0	15.0	1.4777518942508718	0.055529259807312346
8601587	3271	125759.45116996765	17.7	17.5	2.110818693198342	21.0	14.0	1.417618659761114	0.06713007694554657
8702299	3308	127179.93304014206	17.6	17.5	1.6465452046971292	21.0	15.0	1.3733164534636395	0.06770725226509282
8800652	3346	128555.11123895645	19.3	19.5	1.3374935098492586	21.0	17.0	1.4329628622569863	0.06532747395260304
8901096	3384	129958.03868937492	18.6	19.0	1.837873166945363	21.0	16.0	1.4223875005846969	0.07494532075723899
9001140	3422	131606.97173142433	18.0	18.0	1.8856180831641267	20.0	13.0	1.4072649615830444	0.06818186292830684
9102957	3460	133286.7953631878	18.9	19.0	0.9944289260117531	20.0	17.0	1.4280272003224863	0.050684971510115556
9200377	3498	134722.13483786583	18.8	18.5	1.1352924243950935	20.0	17.0	1.4792988582621693	0.06628626901417208
9301646	3537	136086.1965994835	15.5	16.0	2.41522945769824	19.0	11.0	1.3476266502503422	0.06276639379015078
9400506	3575	137378.10946035385	14.9	15.5	2.766867462592951	19.0	11.0	1.3742126085153499	0.0663244800892046
9501735	3615	138664.97212314606	17.8	17.5	1.9888578520235065	20.0	14.0	1.462878529587088	0.0553793904983306
9600928	3655	139925.22006988525	18.2	18.5	1.7511900715418263	20.0	15.0	1.5058887603594533	0.06304901859413295
9702291	3694	141246.01524591446	13.7	14.0	2.5841396591085743	17.0	9.0	1.3149472045676056	0.0513939806050289
9800844	3734	142482.09592986107	18.6	18.0	1.8973665961010275	21.0	16.0	1.4424123474566741	0.061978309484592445
9901241	3775	143690.6280617714	18.9	19.0	1.9119507199599983	21.0	14.0	1.451136293229212	0.0531936424124173
10000000	3816	144827.177410841	16.2	16.0	2.573367875415838	20.0	13.0	1.4579945036580921	0.0516195889417149
