steps	episodes	elapsed	mean	median	stdev	max	min	average_q	average_loss
100452	106	844.2860505580902	-21.0	-21.0	0.0	-21.0	-21.0	0.024415661044180165	0.27487418195571045
200274	211	1965.2560245990753	-20.9	-21.0	0.31622776601683794	-20.0	-21.0	-0.19522391332297342	0.09003534755206548
300195	317	3110.6893179416656	-21.0	-21.0	0.0	-21.0	-21.0	-0.24296372161056026	0.14307101403513744
400094	412	4297.632595062256	-19.9	-20.0	0.8755950357709131	-19.0	-21.0	-0.283720644923778	0.1099936402605235
501269	502	5517.918212652206	-20.9	-21.0	0.31622776601683794	-20.0	-21.0	-0.3860799324306479	0.10392372277552968
600120	573	6733.750503540039	-19.4	-20.5	2.5473297566057065	-13.0	-21.0	-0.44326361146121823	0.13599762247541514
701522	641	8004.086179256439	-20.6	-21.0	0.5163977794943222	-20.0	-21.0	-0.38336026945748547	0.14025354734950496
801098	697	9325.287883758545	-19.2	-19.5	1.6865480854231356	-16.0	-21.0	-0.31530113053255737	0.12904518271000567
901973	747	10713.977045536041	-14.0	-14.0	1.8257418583505538	-11.0	-17.0	-0.24906902295258204	0.1267753756895376
1001787	790	12095.661159276962	-17.9	-18.5	2.766867462592951	-12.0	-21.0	-0.2711884944858647	0.11657612343176399
1100625	830	13469.039894580841	-18.3	-18.0	1.2516655570345725	-16.0	-20.0	-0.12085080644082559	0.1325745818558283
1201174	871	14908.919703245163	-7.5	-7.5	9.107384061542835	6.0	-18.0	-0.08172477729948963	0.13566464719392077
1302572	911	16301.455788135529	-15.5	-20.0	7.849274559544411	-2.0	-21.0	-0.05860071795360365	0.1066775586285111
1400575	945	17736.60988688469	-11.5	-10.0	6.363961030678928	-5.0	-21.0	0.04721971358358205	0.13704461596444384
1502798	982	19172.425447702408	-9.4	-10.5	9.143303560529969	1.0	-21.0	0.07969654249428125	0.09661308284081194
1601541	1020	20579.9227142334	-9.8	-11.0	9.908470001860922	4.0	-21.0	-0.07413826164439101	0.12027183219979774
1701256	1056	21991.507299423218	-9.4	-13.5	10.479609831583533	7.0	-19.0	-0.031993465644186404	0.11356619700441914
1800850	1090	23438.161956310272	-7.1	-3.5	8.45182426067493	4.0	-18.0	0.16936406526722236	0.10588504559592464
1900028	1122	24805.802183628082	-15.3	-15.5	4.4234225060089685	-7.0	-21.0	0.059608657844388895	0.11258721973871487
2000322	1155	26306.106843471527	-1.6	2.0	9.179687721631202	8.0	-19.0	0.06249166107141554	0.11222401727062274
2102791	1187	27838.668199300766	-3.9	-4.5	4.458450154232722	3.0	-10.0	0.08622030371993473	0.10596146154320603
2202481	1217	29281.380135774612	-10.4	-8.0	5.440588203494177	-3.0	-19.0	0.0950277984348605	0.0830410712277675
2300596	1244	30639.496309757233	-15.3	-15.5	5.034326612809745	-5.0	-20.0	0.08801700478499073	0.12351946187621854
2401575	1272	32124.329560279846	-6.3	-7.5	4.24394994210713	2.0	-11.0	0.09180932813346543	0.11811096674257092
2501173	1299	33607.27869725227	-1.0	-1.5	8.70504323813373	10.0	-14.0	0.17360407745651185	0.13508272669224647
2604308	1323	35199.00015497208	-1.5	-1.5	4.8362060428489695	7.0	-10.0	0.2373994364462238	0.09873447806151343
2703259	1348	36691.257388830185	-3.1	-4.5	9.30292666016692	10.0	-18.0	0.3024223366253984	0.09592555454326873
2802375	1373	38220.5321085453	0.5	2.0	9.571369343574153	14.0	-19.0	0.25631168160842466	0.0890282475350569
2903288	1396	39754.52099084854	6.7	6.5	4.4484703987875305	12.0	-3.0	0.38458398169753255	0.10822623369385623
3002369	1420	41273.599959135056	0.1	-2.0	6.26187760269323	8.0	-9.0	0.34226708523684257	0.09731520882674549
3104432	1443	42839.0777592659	5.7	5.0	4.347413023856832	11.0	-1.0	0.4143399689624272	0.09216507146120974
3202211	1466	44353.24419379234	7.6	7.5	3.272783388968954	12.0	3.0	0.4713630909494936	0.12007481732097565
3301524	1488	45844.693207740784	-0.2	5.5	12.281874630708637	11.0	-21.0	0.45852655276110493	0.09718470695058631
3400909	1514	47393.65923333168	3.5	2.5	5.359311730271176	11.0	-4.0	0.5585486631057495	0.09446277623931483
3500413	1540	48903.95305848122	10.0	14.5	7.84573486395988	19.0	-3.0	0.745689418285835	0.09282362576285268
3600398	1568	50450.58672428131	6.9	10.5	6.822348894951389	12.0	-9.0	0.6919937792004633	0.1185450407759615
3703803	1594	51997.74916267395	12.8	16.0	7.5099933422074345	19.0	-5.0	0.765525713170625	0.08763403589079759
3801271	1617	53504.210196495056	1.4	7.5	11.56815552377397	12.0	-19.0	0.6418710401125408	0.0848975855348308
3902054	1652	55110.458104133606	4.5	3.5	5.50252467307306	14.0	-5.0	0.6708842916801302	0.09080681928337628
4003236	1681	56629.90812563896	9.2	10.0	6.268084945889684	17.0	-3.0	0.6838822463467613	0.08135468487939197
4103420	1711	58122.72392344475	14.3	14.0	1.7029386365926402	17.0	12.0	0.6129360005236965	0.11217470348097902
4201311	1744	59587.558886766434	11.6	13.0	6.397916327472041	19.0	-4.0	0.8220174515068319	0.10120376780591298
4302140	1778	61099.395745277405	15.0	15.5	2.211083193570267	17.0	10.0	0.7615519001857386	0.08744193248116873
4400228	1812	62548.850967884064	17.9	17.5	2.0789954839350235	21.0	15.0	0.7889098825810605	0.12756394382560868
4500563	1848	64050.526794433594	14.5	14.5	3.6590830666833583	21.0	7.0	0.7212720835166866	0.09829625696413927
4600707	1883	65557.84852671623	13.6	15.5	8.934328302800509	20.0	-11.0	0.76842190240109	0.08707777980655446
4701744	1918	67066.68584561348	17.7	18.0	2.057506581601462	21.0	14.0	0.7622738398146449	0.07320186685405869
4802610	1955	68559.26597380638	18.0	18.0	1.632993161855452	20.0	15.0	1.0333570542051356	0.07960470775320397
4900290	1993	70028.56396794319	17.6	18.0	2.503331114069145	20.0	12.0	0.9379280483949849	0.07087581197313163
5002139	2034	71545.55911159515	17.5	17.0	1.1785113019775793	19.0	16.0	1.0341148331640457	0.06726227326661893
5100061	2075	73023.2830646038	17.7	19.0	3.8311588035185618	21.0	8.0	1.0051922967551734	0.08251512132464404
5200437	2118	74512.29194164276	19.9	20.0	0.9944289260117531	21.0	18.0	1.1095155597589315	0.0653002879592531
5301804	2163	76025.0487306118	19.4	19.5	1.2649110640673518	21.0	17.0	1.1358207023711555	0.07260109559255086
5401636	2205	77545.15350651741	19.2	19.5	1.398411797560202	21.0	17.0	1.085600813059102	0.061682519146901635
5500135	2248	79049.05700731277	20.0	21.0	2.494438257849294	21.0	13.0	1.2292856817324571	0.06588530119256504
5600322	2291	80578.37608361244	19.4	20.0	0.9660917830792959	20.0	17.0	1.3355331037315337	0.07649324067027907
5701166	2335	82131.88181567192	19.2	19.5	1.4757295747452437	21.0	17.0	1.150247707655164	0.07733537603086796
5801369	2382	83647.6917321682	19.5	20.0	0.97182531580755	21.0	18.0	1.2249731741127883	0.07820205470831616
5901587	2427	85181.37405991554	19.0	19.0	1.1547005383792515	21.0	17.0	1.3682693734097804	0.0600272639243806
6000669	2472	86707.81020760536	19.0	19.0	1.632993161855452	21.0	15.0	1.3525456730954915	0.07265398493014595
6100940	2520	88222.49893784523	19.4	19.5	1.577621275493231	21.0	16.0	1.4039175986804089	0.066243152897764
6202472	2568	89753.41489434242	20.1	20.0	0.8755950357709131	21.0	19.0	1.3464120746444541	0.05247507587415128
6300666	2613	91239.71308064461	19.6	20.0	1.837873166945363	21.0	15.0	1.4117608957974939	0.058169904818757535
6401836	2660	92795.48095560074	19.7	20.0	0.8232726023485646	21.0	18.0	1.4068374562857717	0.06103238004716325
6501289	2707	94340.1895480156	17.0	19.0	5.055250296034367	20.0	4.0	1.3828398455784647	0.051093903885172785
6600745	2752	95877.35002112389	19.8	20.0	0.7888106377466155	21.0	19.0	1.372180570672886	0.07631876159106617
6701526	2801	97443.79868578911	18.9	19.5	2.2335820757001272	21.0	14.0	1.4096428166950394	0.05420303206508003
6801359	2847	98983.74941563606	19.3	19.5	1.70293863659264	21.0	15.0	1.399296585003747	0.05958179896312621
6900019	2893	100468.3454709053	19.8	20.5	1.398411797560202	21.0	18.0	1.5137222498899034	0.04800457293060151
7001614	2941	101980.27100992203	19.1	19.0	1.5238839267549946	21.0	16.0	1.4881538193860673	0.04462060915081078
7100992	2989	103455.59398770332	20.0	20.5	1.1547005383792515	21.0	18.0	1.5150538616968088	0.058199709160931735
7201204	3035	104938.50521087646	19.9	20.0	0.7378647873726218	21.0	19.0	1.4775134179569822	0.05851299081461442
7300824	3083	106438.56996750832	19.8	20.0	1.0327955589886444	21.0	18.0	1.4362230840731185	0.06669673601091451
7400556	3130	107911.42508816719	19.5	21.0	2.0138409955990952	21.0	16.0	1.311990325557212	0.05615614206897268
7500173	3179	109368.64518332481	20.0	20.0	0.9428090415820634	21.0	19.0	1.4981043348648242	0.05366437619432379
7601650	3228	110888.68535494804	20.2	20.5	1.0327955589886444	21.0	18.0	1.4975544173987834	0.04947532036595791
7701686	3276	112351.11038208008	20.3	20.5	0.8232726023485646	21.0	19.0	1.509739164390391	0.04084087002856955
7801822	3324	113810.6432287693	19.8	20.0	0.7888106377466155	21.0	19.0	1.4777847717555617	0.0635681682831871
7901554	3370	115250.08251070976	19.5	20.0	1.2692955176439846	21.0	17.0	1.4645893224288438	0.057075263212691275
8001781	3418	116661.14923405647	20.2	20.0	0.7888106377466155	21.0	19.0	1.5099767472548422	0.04533538106470526
8101376	3466	117999.86380910873	18.0	20.0	6.110100926607787	21.0	1.0	1.4761487582973993	0.06465580208695063
8201517	3514	119307.89108490944	20.4	20.5	0.699205898780101	21.0	19.0	1.5454567452364119	0.07613287883928951
8300871	3561	120594.04983997345	20.2	20.0	0.6324555320336759	21.0	19.0	1.5376081722061372	0.05568989116063714
8401040	3608	121876.77794623375	20.0	20.0	1.1547005383792515	21.0	18.0	1.5183566993933344	0.061516345106690816
8501517	3656	123165.26663327217	12.8	20.0	12.804513093263466	20.0	-18.0	1.2834305329153253	0.06271345038928314
8601207	3705	124440.0650446415	20.4	21.0	0.8432740427115678	21.0	19.0	1.5067201252284654	0.053214917424510476
8700808	3753	125718.16341042519	18.3	19.5	5.143496432929215	21.0	4.0	1.5010068175418274	0.05777262889541487
8800122	3800	126992.57678413391	19.3	19.0	1.1595018087284057	21.0	18.0	1.521825414111355	0.07145749559136239
8901515	3848	128284.76714754105	18.8	20.0	3.521363372331802	21.0	9.0	1.5456572506928143	0.056167203623977854
9001975	3897	129584.48539733887	19.8	20.0	1.0327955589886444	21.0	18.0	1.4730297353931048	0.05034469951640139
9100555	3944	130840.21217775345	20.2	20.0	0.7888106377466155	21.0	19.0	1.48787009462032	0.0622161356113601
9200070	3993	132103.93767476082	19.7	19.5	1.2516655570345725	21.0	18.0	1.5414763413451955	0.05798856494525362
9300667	4041	133380.25285196304	17.1	19.5	7.563802688536442	21.0	-4.0	1.4589479504816123	0.06288185813504076
9401201	4089	134634.25804257393	19.9	20.0	1.1005049346146119	21.0	18.0	1.4977399233667574	0.04855031407265908
9500549	4138	135863.69870090485	20.1	20.5	1.1005049346146119	21.0	18.0	1.4952970505949137	0.06324743357438277
9601647	4187	137112.514169693	20.1	21.0	1.286683937707919	21.0	18.0	1.3992571429253282	0.052701545792253376
9700462	4236	138323.31770014763	20.1	20.5	1.1005049346146119	21.0	18.0	1.4874423351478545	0.07697304776396757
9801712	4283	139557.51258516312	20.0	20.0	1.1547005383792515	21.0	17.0	1.4966601016016972	0.04505424363454858
9901752	4332	140799.50871038437	19.0	20.0	2.3570226039551585	21.0	14.0	1.4576579656534752	0.048029971195834784
10000000	4378	142003.33376598358	20.2	20.5	1.0327955589886444	21.0	18.0	1.4309816905295596	0.04539363756204066
