steps	episodes	elapsed	mean	median	stdev	max	min	average_q	average_loss
100035	612	829.8573594093323	172.0	127.5	105.22990702900641	385.0	105.0	0.14313449233503275	0.2783700548400385
200087	1195	1940.1443688869476	150.0	140.0	57.154760664940824	255.0	80.0	0.4260618669704582	0.3386700017526796
300006	1777	3066.604017496109	206.0	182.5	167.24566096347942	515.0	20.0	0.7769590962493638	0.3072373398305948
400148	2336	4209.972348690033	169.0	120.0	144.8907634507229	565.0	75.0	0.7539936832302631	0.35147755301862166
500024	2913	5375.671864748001	220.0	195.0	107.34161458736412	430.0	105.0	1.0166945107231964	0.39200641149910104
600092	3491	6605.356202840805	342.0	310.0	190.68880990299934	620.0	105.0	1.1408172254436038	0.34941740162678087
700007	4058	7801.6649742126465	168.0	165.0	28.106938645110393	210.0	135.0	1.0636795674682766	0.3843145368632728
800105	4617	9057.488516330719	203.5	210.0	97.04094210406474	425.0	80.0	1.2806935122763559	0.3806600253403551
900017	5189	10347.95289683342	251.5	247.5	126.53611693460839	555.0	95.0	1.6285203634867367	0.39378346724483076
1000001	5752	11619.042359352112	216.0	212.5	117.18456477805523	455.0	60.0	1.677160924697931	0.4054928861029267
1100267	6222	12922.757488489151	378.0	382.5	151.97221968358411	685.0	145.0	1.7625561279884343	0.4182619355657299
1200052	6629	14235.460863828659	297.5	277.5	127.1318213509112	540.0	175.0	2.068359602648388	0.47708102488535287
1300061	7030	15540.172989606857	498.5	420.0	269.0523493052359	1180.0	275.0	2.4846836977771263	0.5666259432187747
1400171	7343	16846.57366847992	392.0	322.5	138.32730910577436	655.0	290.0	2.9173992904973383	0.5405573475693285
1500296	7576	18161.13710665703	576.0	587.5	107.38818474218765	760.0	370.0	2.702163742600835	0.5956507571888773
1600329	7783	19476.254625320435	541.0	450.0	231.0339080452622	975.0	305.0	2.9492162463428118	0.6304460652050059
1700032	7948	20798.07398056984	601.0	575.0	177.181639379856	925.0	310.0	3.0087982141370864	0.6591252222108018
1800593	8111	22161.089930057526	696.0	575.0	287.1004469983749	1185.0	390.0	3.314396442240357	0.5958537239655755
1900402	8279	23502.65009713173	634.0	592.5	110.47372739454592	800.0	485.0	3.0392349855557197	0.6463923447537819
2000110	8462	24821.546746492386	778.5	677.5	387.714456784887	1575.0	225.0	3.0542261461320614	0.6181732655565013
2100019	8632	26130.895506620407	570.5	575.0	34.19307922177625	600.0	495.0	2.9707954929013187	0.5964945121602374
2200242	8826	27457.93159532547	735.5	600.0	270.92895747778607	1370.0	515.0	3.149235067967673	0.6302542110328714
2300766	9023	28786.542702436447	599.0	545.0	200.26094088574646	1160.0	450.0	3.414117472256861	0.6517351127878862
2400305	9228	30124.984897375107	547.0	487.5	128.0234353546256	805.0	445.0	3.4236697382436407	0.5473504171704234
2500432	9423	31450.6943731308	518.0	515.0	170.11760637864617	875.0	285.0	3.5676835973910075	0.6451238135200122
2600237	9629	32783.80983352661	836.5	757.5	300.1022973735604	1430.0	530.0	3.385773915834039	0.6495545502552287
2700560	9833	34136.805514097214	579.5	577.5	113.95540063258667	810.0	370.0	3.2195132816392817	0.5923447865986375
2800299	10036	35474.47222805023	740.5	590.0	323.4660380592958	1375.0	525.0	3.4585087855082137	0.6073427413249409
2900840	10240	36835.663194179535	645.5	565.0	181.29855671424045	965.0	360.0	3.6445821471249427	0.5788851053355603
3000430	10433	38170.49897456169	570.5	570.0	222.71618710816688	1130.0	320.0	3.644799671062343	0.6647240943961916
3100527	10635	39525.57501554489	823.0	605.0	362.7610171387708	1535.0	570.0	4.283787413598074	0.6230545405612165
3200617	10830	40879.13446545601	807.0	687.5	337.10532478737264	1600.0	545.0	3.5549164676734617	0.6054499623682695
3300526	11037	42239.1183423996	882.5	777.5	368.1881312590073	1630.0	545.0	3.697659129680006	0.5751550122058304
3400989	11229	43616.96597003937	725.0	627.5	226.4827685375743	1270.0	525.0	3.42107781182279	0.6905490268486177
3500341	11421	45015.37778520584	905.5	905.0	289.6017380242506	1410.0	545.0	3.997084988118757	0.6209381227107937
3600572	11633	46400.557574272156	670.0	640.0	146.4961129556382	980.0	480.0	4.4832307245924286	0.6442548181707011
3700080	11853	47774.99068760872	639.0	572.5	204.3390428783605	1100.0	460.0	4.061567223837655	0.6695537441451856
3800465	12067	49169.382314920425	823.5	590.0	398.1488415153308	1575.0	555.0	3.4805939223622917	0.61559655099165
3900831	12261	50584.460487127304	707.0	560.0	304.65098427909635	1325.0	485.0	3.312562883567808	0.6335746073222986
4000057	12467	51964.77297210693	682.5	600.0	303.79314965577777	1545.0	545.0	3.4185464731092083	0.5702494885415168
4100080	12681	53408.75115466118	799.5	670.0	270.3233660308006	1205.0	550.0	3.791209440472506	0.6689152434056032
4200198	12876	54829.3817551136	620.5	600.0	84.96567934564324	800.0	540.0	3.3728756040689634	0.6429359617697981
4300115	13075	56237.08019709587	578.0	570.0	71.92588778272628	770.0	515.0	4.026897414794709	0.5783348843313699
4400626	13269	57700.52438163757	757.5	587.5	371.20112847050694	1540.0	570.0	3.4809470243963263	0.6276545948720735
4500123	13473	59136.68218970299	824.5	602.5	350.5032096857317	1545.0	575.0	4.200112378045808	0.7273702685819315
4600193	13675	60551.757784843445	819.5	600.0	344.4919770070447	1430.0	570.0	3.460753125408944	0.6046871904872266
4700308	13870	61992.95589923859	781.5	600.0	324.21743389960454	1320.0	565.0	3.811542602591643	0.6527127902327984
4800197	14075	63435.98122859001	753.5	687.5	271.19130189263484	1200.0	365.0	4.030171808240119	0.7219416361396044
4900608	14293	64868.11425471306	847.0	690.0	311.5659373765581	1385.0	545.0	3.617688504582339	0.6245483403098304
5000643	14495	66314.06968617439	835.5	700.0	313.7891188539066	1405.0	515.0	3.593795977692439	0.6626703731960858
5100027	14688	67771.4791123867	877.5	947.5	352.5246248294027	1345.0	350.0	3.7319100338645415	0.5775020950279809
5200240	14886	69207.03237748146	744.0	600.0	265.76723316131773	1435.0	570.0	4.486668327755415	0.6373269395884362
5300081	15090	70631.73792004585	690.5	592.5	272.839492905424	1200.0	350.0	3.9585984455937893	0.5937137264523986
5400600	15289	72084.48284244537	996.0	1215.0	382.1561635422532	1350.0	540.0	3.9143960423276587	0.6707988826837683
5500425	15509	73538.3522799015	704.0	587.5	263.0568168455037	1200.0	515.0	4.044620805155184	0.6665674325685637
5600486	15714	74997.86819529533	659.0	570.0	203.16659830460978	1200.0	570.0	3.6584033435194803	0.6025294592494005
5700034	15890	76444.41116762161	775.0	607.5	282.5479310370779	1210.0	545.0	3.7699398687603782	0.667944249492706
5800095	16071	77892.65689945221	707.5	602.5	298.14472622835	1175.0	390.0	4.043391110662402	0.6567504043202527
5900235	16270	79333.27120685577	749.0	600.0	341.8560450768065	1385.0	390.0	4.227812623676126	0.6125301033056719
6000097	16464	80803.27470827103	1067.5	1057.5	453.81255308038067	1830.0	545.0	3.8183905642505542	0.70127543775792
6100629	16653	82267.23704648018	853.5	575.0	381.29202864879187	1405.0	515.0	4.012183483485611	0.7278777811745407
6200382	16832	83735.4263985157	812.5	600.0	356.59072400224386	1585.0	540.0	3.8172837543029985	0.6992274794853798
6300634	17025	85197.93609118462	767.5	692.5	321.3188966328207	1200.0	335.0	4.105301988651336	0.6514367426637181
6400123	17215	86642.98237323761	720.0	600.0	240.25449469723188	1160.0	510.0	3.4449928693584875	0.6909234827265528
6500402	17397	88088.1086101532	830.5	600.0	638.9768296964209	2635.0	545.0	4.292142691359996	0.6950754302716241
6600300	17590	89448.34082770348	707.0	600.0	255.91014047903613	1205.0	540.0	4.1223563187936545	0.6039274577689102
6700611	17789	90763.54305148125	804.5	600.0	305.49095276656266	1275.0	545.0	4.221696735954648	0.6538909097634027
6800682	17994	92087.20096373558	935.5	605.0	622.9698137862612	2515.0	545.0	4.288332821663096	0.7344414599069928
6900287	18173	93389.5556704998	830.0	785.0	271.09858805321073	1235.0	545.0	4.288635844275568	0.781078040486269
7000350	18347	94664.52511096	785.0	602.5	291.2806969993797	1400.0	570.0	4.069280620779378	0.6597050614594402
7100198	18519	95941.3366894722	696.0	600.0	219.04844720340344	1215.0	545.0	3.8760615902458424	0.6528645477764403
7200156	18703	97240.80820965767	983.5	850.0	367.7412284625034	1575.0	600.0	4.113619377630892	0.7925908807676711
7300046	18882	98558.48007774353	1027.5	872.5	526.5150098103145	2120.0	570.0	4.346426741475526	0.6922508406622678
7400573	19059	99847.52952122688	817.0	600.0	333.0015014981164	1405.0	540.0	3.7096186582742225	0.7637312437727686
7500293	19251	101128.70567584038	875.0	747.5	325.09827573964293	1435.0	545.0	5.055785941772726	0.7214315271085527
7600177	19457	102402.12526202202	712.5	600.0	252.2592361484951	1215.0	570.0	3.928547248891682	0.7758056989054793
7700950	19649	103686.42296385765	721.0	600.0	371.2052442158291	1405.0	385.0	4.8786764031849765	0.7679791168913682
7800282	19834	104993.77599835396	955.5	900.0	385.6412408789634	1435.0	545.0	4.10990603834004	0.7394341131020413
7900136	20016	106301.85076975822	1072.0	1187.5	399.5497465898333	1605.0	515.0	4.277840027240481	0.7378481357297987
8001178	20214	107599.29475188255	815.0	600.0	359.5599161938568	1575.0	550.0	4.431880804028184	0.6795379832675567
8100648	20400	108881.19826769829	1001.0	1142.5	384.12816148317535	1620.0	570.0	5.054363312930947	0.8669057111540807
8200827	20592	110145.01660943031	775.5	702.5	234.8102070467409	1205.0	525.0	4.679229826930431	0.7917111606351672
8301026	20773	111442.43342161179	784.0	590.0	343.1779583701598	1565.0	540.0	4.526438437779607	0.8360476416650737
8400080	20974	112686.95017933846	555.5	557.5	128.02885959379975	770.0	350.0	4.836702190636286	0.7276918161240448
8500084	21147	113968.43592977524	859.5	880.0	304.23355428939055	1375.0	475.0	5.271705092429565	0.796701862986453
8600254	21325	115237.18764543533	1055.0	1075.0	490.6571557049224	1630.0	515.0	4.250184017945803	0.87825610993307
8700053	21520	116495.70520853996	599.5	565.0	265.397500616214	1000.0	165.0	5.759335860658896	0.8797837576228517
8800053	21716	117772.2373919487	1031.0	897.5	554.2301968596723	2280.0	580.0	5.950293304112211	0.7717807363418896
8900570	21915	119060.01748371124	683.0	545.0	321.42218688544546	1270.0	320.0	4.699029166202218	0.8477587476433994
9000033	22096	120299.3453438282	822.0	705.0	281.8608797892243	1325.0	545.0	4.945788435808121	0.8122380548026963
9100082	22265	121561.49076724052	855.5	687.5	332.17674344976183	1515.0	575.0	4.27644085339261	0.7834259384162786
9200208	22441	122827.10474705696	973.0	1062.5	443.2593923301444	1630.0	315.0	4.666536578038709	0.6877451300365902
9300430	22609	124091.21849417686	930.5	895.0	358.49569964877776	1585.0	570.0	4.1803274377308375	0.8400705530925441
9400008	22758	125335.72276210785	1039.0	680.0	663.4832326442018	2490.0	520.0	3.9413552548494213	0.8142180934551523
9500087	22933	126599.08179736137	1199.5	1217.5	566.9384152327893	2430.0	540.0	4.4032923424083785	0.7592312011497628
9600619	23108	127881.78231024742	1039.5	1185.0	414.23590970471025	1600.0	540.0	4.18658497284442	0.7310864552672267
9700610	23293	129109.1412293911	747.5	585.0	455.27921835579826	2025.0	540.0	4.052081072445342	0.7981683101552576
9800579	23479	130338.91185331345	831.5	600.0	455.1132337732617	1830.0	515.0	4.326408808016222	0.7466546049006604
9900385	23657	131570.59119606018	1009.0	1047.5	413.9095446001591	1590.0	545.0	4.903320304904673	0.8155076918200829
10000000	23848	132791.20933771133	879.0	862.5	308.5251655501991	1405.0	570.0	4.981614892309885	0.8546075684426689
