steps	episodes	elapsed	mean	median	stdev	max	min	average_q	average_loss
100011	603	986.7019526958466	25.5	22.5	18.02005056103401	50.0	5.0	0.29082568552087196	0.3059056215813573
200270	1180	2321.0662100315094	17.0	15.0	15.491933384829668	50.0	0.0	0.7029464030115726	0.34588797991275655
300033	1779	3656.001081943512	91.0	95.0	31.605203509689492	135.0	40.0	0.7916094386592889	0.27639004126793476
400057	2409	5054.024043798447	132.0	122.5	78.32269431297958	315.0	25.0	0.9487342108522533	0.3312393974795448
500067	2989	6481.224899053574	155.0	132.5	78.88106377466156	305.0	70.0	0.9840230488753635	0.3574711116831064
600111	3587	7948.542395353317	196.0	175.0	109.66616007988365	410.0	55.0	1.1357921007310865	0.3363254882386652
700011	4152	9415.385665178299	178.0	190.0	62.14677966091423	270.0	70.0	1.582034047203142	0.4174402308397414
800111	4658	10913.558879375458	327.0	217.5	192.7894649034998	655.0	160.0	1.9370436220200398	0.40066057582277703
900012	5128	12439.329516649246	344.5	305.0	171.55255106753083	775.0	185.0	2.2137673411614336	0.47364352575666296
1000027	5537	14021.969587802887	544.5	542.5	131.24298923074795	775.0	325.0	2.1121517022729264	0.4842463000865647
1100074	5896	15605.07191824913	440.5	432.5	121.11633525939705	630.0	285.0	2.5034379272231355	0.6032474920430371
1200019	6234	17178.265278339386	565.0	575.0	146.9315789368946	770.0	325.0	2.7820713606682688	0.6702654926184083
1300096	6526	18752.91366291046	646.0	557.5	231.87400793438567	1120.0	370.0	2.5864362684433284	0.6577167977983595
1400169	6745	20315.48708128929	586.5	580.0	110.85651386664956	745.0	415.0	3.0680007240233915	0.6410830094641745
1500494	6901	21887.919860363007	604.0	505.0	342.4486985098806	1325.0	250.0	3.449650625360139	0.7056306369532983
1600629	7048	23455.118759155273	542.5	525.0	66.17527232030608	695.0	480.0	3.346174371473464	0.6606540654254661
1700300	7184	25017.971869707108	699.0	560.0	334.18890200337626	1610.0	510.0	3.591816820612316	0.6743449148318431
1800165	7329	26615.222497940063	675.0	535.0	284.54642269174053	1330.0	490.0	3.738792356038961	0.7162527694797737
1900059	7488	28182.566484689713	646.0	590.0	137.23054405715305	1005.0	545.0	3.794991923827859	0.773237341714139
2000491	7638	29753.71833896637	692.5	605.0	185.80530431371196	1165.0	545.0	3.5114312177559786	0.6216273389036702
2100636	7797	31331.207129001617	719.0	642.5	217.751132156771	1140.0	495.0	3.376011313510435	0.6862893415946064
2200102	7976	32940.88953971863	757.0	697.5	253.91599660780204	1175.0	495.0	3.24646990789306	0.5502155892917099
2300660	8164	34556.0587375164	705.0	602.5	271.9579215818342	1380.0	360.0	3.42619685460214	0.5847768760471868
2400761	8350	36146.07177257538	584.5	575.0	48.84499291977975	715.0	540.0	3.1589654839273242	0.6396579465355547
2500584	8531	37729.575147390366	740.5	600.0	281.863343562877	1380.0	545.0	3.663815544519389	0.6395612488004011
2600447	8721	39349.689098358154	779.5	747.5	236.2255278330435	1405.0	570.0	3.830867660359827	0.5921761809632954
2700463	8896	40930.812290906906	744.0	600.0	263.2151633592226	1375.0	515.0	3.509771873371876	0.5785266516316202
2800316	9096	42510.05724096298	682.5	575.0	204.5625413738628	1150.0	515.0	3.5615422059666697	0.5925513457795091
2900173	9274	44082.98589897156	632.0	575.0	179.64780358616503	1140.0	545.0	4.0224056655617435	0.5983719438163918
3000228	9465	45690.38855957985	908.0	690.0	393.47596284059506	1455.0	525.0	3.5173929773802044	0.6542970750006144
3100420	9664	47289.157962560654	870.0	750.0	359.9614176855934	1435.0	545.0	3.9739021715470524	0.537848256373008
3200368	9853	48887.02573108673	660.0	600.0	191.96353820452467	1175.0	540.0	3.6205279140805606	0.5090755870247826
3300070	10033	50502.52297258377	738.5	600.0	292.0240667403212	1430.0	545.0	3.740839718983557	0.6125812082161354
3400705	10223	52138.52859735489	720.5	575.0	320.87943391733774	1330.0	515.0	3.7451820314831497	0.5814169238799817
3500228	10397	53785.03242254257	688.0	572.5	258.9637469265191	1180.0	515.0	4.264486549823654	0.5505677935656399
3600502	10585	55424.35495471954	709.0	600.0	223.7409216035368	1205.0	570.0	3.415011424740498	0.6329569968858217
3700598	10791	57077.28524541855	710.0	570.0	307.6524012583032	1370.0	545.0	3.8791237517735584	0.6115774664207245
3800441	10988	58714.11986660957	867.5	685.0	356.6841896007042	1575.0	570.0	3.841218162534153	0.5483198153907184
3901413	11183	60378.397647857666	785.0	600.0	332.99149138278796	1355.0	540.0	3.6009837815411943	0.5518136688752358
4000252	11384	61995.7935628891	774.5	600.0	358.5886687185379	1575.0	515.0	3.8700571337307648	0.5874195389861091
4100620	11588	63635.33416366577	598.0	587.5	64.21318660005383	770.0	540.0	3.733891051207433	0.6247495766910824
4200339	11787	65273.24491429329	822.0	600.0	392.0544179915164	1570.0	550.0	3.585545197830901	0.559411739696412
4300314	11989	67005.57721996307	752.5	600.0	287.6267836392617	1250.0	540.0	3.895070579728879	0.5960736569049694
4401104	12178	68679.22611451149	787.5	575.0	358.60261200015447	1400.0	540.0	3.825953544084945	0.5755744245995653
4500864	12379	70299.24149823189	926.5	925.0	324.440116028966	1370.0	600.0	4.525850826847689	0.6754223438535855
4600343	12573	71886.72861862183	932.5	885.0	365.02092786274295	1430.0	570.0	4.077834640473863	0.5665636625372543
4700421	12766	73447.4319062233	921.0	875.0	374.14198136833323	1590.0	570.0	4.8301389916947155	0.7203925596994301
4800725	12972	75020.88973379135	938.0	1122.5	293.13629746056506	1235.0	600.0	3.927743749656005	0.6808882219236844
4900078	13166	76573.68771147728	847.0	602.5	322.37142139670715	1355.0	600.0	3.9904965395097873	0.6609023330156614
5000144	13353	78108.13338160515	644.0	587.5	209.02950349970536	1235.0	540.0	4.060532437868345	0.6229686568225286
5100487	13526	79681.24264788628	899.0	685.0	366.76362354458706	1470.0	570.0	4.015413097984536	0.6829102460975276
5200064	13703	81210.13973975182	796.0	685.0	293.8140001202575	1230.0	540.0	3.8621896108469222	0.6169620598917834
5300129	13883	82747.74452257156	767.0	600.0	353.7120611771985	1600.0	545.0	4.6674704775186955	0.652632649731859
5400568	14066	84311.41500878334	994.5	875.0	455.79874944979827	1835.0	600.0	3.9504172038378504	0.6897251760842005
5500750	14243	85872.22352790833	856.5	600.0	364.15846672690293	1375.0	545.0	4.1975898235093	0.5795658365298978
5600125	14411	87417.57951641083	879.0	602.5	409.17124912573115	1620.0	525.0	4.222032813675999	0.649501073819428
5700235	14591	88984.8674826622	885.0	702.5	347.778665245584	1550.0	600.0	4.412817751083546	0.6178809572244359
5800890	14776	90531.1505382061	791.0	600.0	462.6661863590206	1975.0	550.0	4.3783022471561885	0.6747612326413613
5900220	14972	92044.14582872391	648.5	600.0	195.42048681411748	1200.0	540.0	4.1703608349057655	0.5477175565858512
6000630	15169	93559.49972486496	906.5	705.0	407.0971082623353	1770.0	555.0	4.949633290379653	0.6848783108253271
6100008	15372	95063.09556412697	968.0	1075.0	355.6777567780514	1545.0	570.0	4.2251547659634925	0.607081242402079
6200324	15561	96580.35793614388	766.5	600.0	292.7460978011112	1205.0	550.0	4.121874118564486	0.7332718627075966
6300626	15755	98093.4064977169	1044.0	600.0	657.1521048348616	2375.0	550.0	4.477782651062149	0.664271578125804
6400208	15923	99586.52601766586	881.0	687.5	357.8081422587623	1490.0	545.0	4.361633070655194	0.7307083998870961
6500899	16092	101092.12637472153	945.0	1142.5	308.49995497928717	1230.0	545.0	4.216555078552797	0.6541717440545977
6600516	16268	102596.88836026192	994.5	1075.0	368.5968137560485	1435.0	575.0	4.198123019014946	0.6666865042585746
6700590	16454	104114.044547081	1108.5	1150.0	568.9564033288393	2260.0	570.0	4.257770529980634	0.6439971364982102
6800864	16631	105628.69375944138	1035.0	902.5	553.5541727981303	1895.0	465.0	4.201371434652741	0.661978137683791
6900806	16797	107142.65915870667	1155.5	1192.5	371.1128160306812	1865.0	545.0	4.254405718002536	0.8017598781893827
7000343	16988	108638.30435657501	1036.5	887.5	537.7579484406633	2080.0	560.0	4.577375324444939	0.7700754136621738
7100235	17162	110132.78943061829	938.5	605.0	494.75049828732415	1825.0	520.0	4.482882112771794	0.6873425674316467
7201499	17323	111663.65637660027	1037.5	600.0	663.4055655814507	2345.0	525.0	4.485788359319992	0.7090563731509947
7300253	17466	113161.74776315689	1090.5	592.5	830.4966720115273	2815.0	545.0	4.755745843029281	0.6700646230558909
7400613	17625	114643.19308710098	907.0	685.0	443.3659135898173	1860.0	545.0	4.478038987604857	0.7465155835820727
7500118	17787	116149.29722952843	993.0	1172.5	291.61618610769875	1230.0	570.0	5.585268180137598	0.7276796615842167
7600276	17960	117674.72127437592	1136.5	1202.5	463.5673869268871	2000.0	575.0	5.588897406638969	0.7334187405535642
7700098	18118	119180.9884159565	1118.5	1172.5	507.6692383388574	2005.0	575.0	5.041705493800413	0.8343859995079553
7800404	18289	120703.09959626198	1125.0	1202.5	539.7375905629203	2030.0	545.0	4.77678331128219	0.6130476657085386
7900185	18455	122226.46596431732	1102.0	1202.5	349.0876999010739	1490.0	510.0	4.488420331461771	0.7279935368991333
8000334	18624	123751.49871349335	1320.5	1207.5	553.7671492202797	2235.0	520.0	5.140789474379998	0.773016292362616
8100320	18783	125287.21371865273	833.5	610.0	429.77416550245704	1830.0	550.0	5.072991074903467	0.6988083545412229
8200266	18953	126839.33594608307	1018.0	870.0	482.89175230525984	1830.0	545.0	5.091586211712216	0.86059767190066
8300656	19122	128355.22431945801	1126.5	1172.5	380.51171685858327	1805.0	575.0	4.886354568464514	0.8249325880891899
8400001	19300	129841.47149443626	1013.0	1190.0	402.9281711559904	1480.0	525.0	5.069599453897828	0.8909483651301264
8500149	19457	131384.27457666397	1360.5	1305.0	533.2835914303841	2060.0	530.0	4.818071230303156	0.7372562341687482
8600280	19614	132952.6434288025	1220.5	1147.5	570.1922190513184	2165.0	570.0	4.75623458037835	0.791393822924089
8700020	19769	134522.25115466118	1300.0	1340.0	436.47578525172634	1885.0	570.0	4.389447564603555	0.7488266299662507
8801224	19924	136100.37727189064	1125.5	1000.0	603.8278360224507	2180.0	545.0	4.844030688047226	0.8130863364448936
8900371	20085	137644.89497828484	1144.5	1185.0	662.8492789968672	2630.0	545.0	5.234985503846611	0.689412281994549
9000162	20228	139175.09752893448	1157.5	1177.5	606.7822692055382	2175.0	570.0	4.875572170266903	0.782181606043683
9100888	20360	140756.8300716877	1439.5	1305.0	524.8674435829806	2160.0	600.0	5.350319817869798	0.8006910853396442
9200455	20518	142298.847748518	1161.5	1150.0	571.9656652476809	2030.0	540.0	5.444328526178624	0.7178214903457377
9300329	20672	143829.2298526764	1181.5	1172.5	460.64598361672734	2005.0	555.0	5.763487614336655	0.9170966365411573
9400752	20820	145369.02452349663	1130.0	890.0	660.0631282940544	2135.0	540.0	5.020237307917426	0.8292748388935078
9501234	20983	146926.4341776371	1138.5	1232.5	448.2499922538266	1815.0	540.0	5.565465735569821	0.7925023561219334
9600313	21135	148439.93076848984	1432.0	1502.5	637.7399330622336	2410.0	570.0	5.7935626761305885	0.8419166540537334
9700912	21279	149945.56101822853	777.5	600.0	458.4166590922862	1940.0	515.0	5.355802455034922	0.7827584800274181
9800485	21439	151477.1841020584	1203.0	1215.0	725.7417661338716	2860.0	545.0	5.676383241805136	0.852258837411372
9900384	21594	152999.58227181435	1455.0	1675.0	706.0925340680686	2215.0	545.0	5.749651484409049	0.7720635060292818
10000000	21754	154532.848580122	1634.5	1847.5	564.0156124710655	2495.0	600.0	6.419439270530332	0.8267861227523708
