steps	episodes	elapsed	mean	median	stdev	max	min	average_q	average_loss
100094	2983	854.4650049209595	1.8	0.0	3.794733192202055	9.0	0.0	0.15591166131519266	0.1517707995201757
200020	5831	1977.8308727741241	0.0	0.0	0.0	0.0	0.0	0.2346142194493717	0.08142804297484699
300012	8972	3130.0823979377747	0.3	0.0	0.9486832980505139	3.0	0.0	0.07234153171258623	0.06095620587043498
400044	11920	4298.78795170784	1.2	0.0	1.5491933384829668	3.0	0.0	0.1705293589688364	0.06297614703695933
500071	14588	5477.961934566498	1.9	2.0	0.7378647873726218	3.0	0.0	0.3716177198297726	0.07817022369604995
600028	16656	6693.182703971863	5.5	2.0	4.743416490252569	11.0	1.0	0.4414794173765706	0.08803661357564216
700010	18102	7927.93151807785	13.6	13.0	4.2998707990925595	25.0	10.0	0.5156524680955067	0.0910443504583337
800023	19176	9191.69475030899	12.7	12.5	2.94580681270476	18.0	8.0	0.5697331316155027	0.12004048520846655
900046	20141	10473.838369607925	14.9	15.0	4.976611966656298	22.0	6.0	0.6344731291715585	0.12213333748511286
1000093	21003	11789.009889125824	13.5	12.0	5.01663898109747	23.0	8.0	0.7615794573112415	0.16403287280517306
1100051	21779	13112.793518543243	16.9	16.0	3.7844711945293255	24.0	12.0	0.9397466941887462	0.16364998243494852
1200150	22471	14456.397256851196	32.0	31.0	7.086763875156433	44.0	23.0	1.0208256661266788	0.19066495499315095
1300067	23098	15790.995377779007	25.0	25.0	9.333333333333334	40.0	12.0	1.2270688948063673	0.17953394022126362
1400383	23651	17142.53564429283	35.7	35.0	10.122033173012008	51.0	22.0	0.998283067750478	0.23535470587735266
1500255	24124	18492.631229639053	45.5	47.5	11.815714583177401	66.0	27.0	1.2273425803793592	0.281015348716145
1600304	24572	19850.830912828445	45.5	43.0	28.93767248568704	108.0	17.0	1.1824739823112305	0.28420453890744274
1700218	25013	21216.01127552986	51.9	51.5	13.261891938097587	77.0	32.0	1.2037750477986113	0.2385244990565583
1800146	25434	22591.415256261826	75.4	71.5	17.481418706729727	105.0	52.0	1.763234261391113	0.23487107702642498
1900097	25858	23964.313160419464	69.4	71.0	11.53930481249003	92.0	50.0	1.7838501512671452	0.30783437765406535
2000085	26249	25344.22021508217	72.3	69.0	27.26026819791438	106.0	26.0	1.3693965717238095	0.25758588887175565
2100434	26631	26713.823491573334	71.7	75.0	14.142528455375691	93.0	44.0	2.0150601165108974	0.3000276612654919
2200181	27011	28090.8287358284	101.8	100.0	22.6215236739998	141.0	63.0	1.6750012393407878	0.2622188533187357
2300414	27382	29466.680765151978	78.9	77.5	16.59618430041476	107.0	59.0	1.8717322381227772	0.3209347712077478
2400089	27738	30844.11582183838	102.6	92.0	45.823817193924626	225.0	67.0	1.9500129017590588	0.2671352152953656
2500691	28093	32244.48491048813	103.6	92.5	48.992516435335986	230.0	52.0	2.2577780461109023	0.29177510053462463
2600038	28446	33641.84168672562	129.8	98.5	86.04494949346727	306.0	52.0	1.7000049765014635	0.3632796885092659
2700493	28797	35048.77467775345	173.2	155.0	53.81614792771569	245.0	99.0	3.084172788654796	0.33571999661695395
2800100	29129	36440.25093650818	147.5	95.0	86.46675661778924	324.0	86.0	2.832154239686932	0.43681598072674377
2900559	29457	37854.921689748764	144.0	141.0	53.17476427362472	260.0	80.0	2.7445778322419825	0.35823473549590473
3000431	29776	39295.95601058006	224.4	229.0	59.39547307852865	299.0	144.0	3.1586440554653796	0.4383737204044847
3100011	30101	40713.20828485489	223.5	230.5	42.40872551728005	284.0	152.0	3.006313237939701	0.43854839968552767
3201051	30427	42160.25704073906	245.5	249.0	67.05760376140965	346.0	119.0	3.138746638598616	0.6149809627872496
3300963	30741	43586.99205470085	207.0	227.0	67.598487820036	270.0	79.0	3.7762535723139186	0.6097499194544291
3400329	31059	45013.28429579735	225.8	236.0	83.1060901632499	334.0	68.0	4.3696342146944405	0.592186735049038
3500277	31379	46457.0360724926	243.8	232.0	90.71297836828226	385.0	53.0	4.429724760905618	0.7168684004771188
3600214	31697	47910.587015390396	279.3	276.0	95.5464401336974	384.0	72.0	3.9640929939681997	0.6397003912688847
3700121	32007	49366.203448057175	255.8	246.0	68.20361671739508	348.0	161.0	3.2499358339603823	0.5761303740805009
3800617	32312	50854.28655862808	350.0	363.0	49.92883824894075	421.0	260.0	4.030606837870945	0.7301063792772148
3900441	32613	52321.35123348236	262.2	258.0	106.21864243154306	402.0	91.0	4.562950465466775	0.9051543895901669
4000041	32907	53784.11398267746	303.7	327.5	64.50503856289058	381.0	187.0	3.0117263410175	0.6944810547449842
4100034	33200	55264.99503326416	353.6	353.5	47.8845834620427	423.0	256.0	4.223242468632109	0.8755323043586417
4200058	33500	56768.922107458115	349.2	357.5	54.629662272432185	410.0	238.0	4.826132135498116	0.9258593448419614
4300696	33794	58280.23689198494	356.3	378.0	54.964736169859144	412.0	259.0	5.216868943775061	0.9271154067414755
4400045	34093	59806.68854904175	381.2	376.5	27.108014395090695	421.0	347.0	3.969142344509155	0.8588215907933933
4500657	34381	61362.20516204834	366.0	376.5	48.371249495726055	420.0	253.0	5.440481335247993	1.029551135242315
4600207	34676	62864.39707946777	334.3	347.5	66.21186533478053	396.0	176.0	5.4653866160315685	1.0182813663741621
4700790	34973	64399.40751171112	355.0	362.5	52.52301083017487	427.0	258.0	3.381153130580951	0.9969969887751057
4800353	35254	65955.04916834831	364.5	374.5	37.50629576780707	421.0	300.0	4.75230763982679	0.934407459346829
4900243	35519	67504.93927788734	338.8	359.5	98.67995406025143	428.0	102.0	4.467542046794675	0.8021357763118684
5000625	35796	69097.91149067879	387.3	400.5	33.800230110985275	421.0	318.0	4.250723622609279	0.9046363116895678
5100047	36072	70638.9357419014	375.3	388.5	50.42937856272098	426.0	259.0	3.8518279365473918	0.944085749736007
5200718	36372	72208.08960604668	315.3	342.0	106.97253022258668	451.0	74.0	5.598508310087428	0.7028949632631422
5300655	36651	73747.79569554329	329.3	355.5	97.8775311862284	406.0	73.0	4.582256585130116	0.8014020288624014
5400346	36931	75306.15832924843	334.6	349.5	59.801895176212156	417.0	222.0	4.191515317729596	0.9071656177438612
5500043	37226	76846.35249304771	367.9	372.0	40.07617746242773	425.0	295.0	5.562503138393629	0.9812416365024503
5600003	37513	78424.41326498985	347.6	371.0	66.14663844654373	421.0	211.0	4.386949723501053	0.9091924349796585
5700021	37794	79968.29107165337	334.8	370.0	112.68717762017114	420.0	58.0	4.447053908801567	0.9026163216103834
5800606	38076	81541.60948634148	355.9	376.0	71.70223923359096	417.0	172.0	6.179515895590743	1.047918108174319
5900286	38368	83146.41587758064	333.9	369.0	78.03197350374326	387.0	150.0	6.302589087578892	1.2975795789660112
6000026	38654	84712.36461305618	356.8	375.5	60.05515983012802	413.0	221.0	6.546304263887245	0.9726474478726483
6100376	38925	86294.7485909462	374.1	383.5	30.639299382764396	394.0	291.0	4.734850333458124	1.2827216368970453
6200007	39215	87904.03404545784	311.6	368.5	130.69064405857233	423.0	62.0	5.701747694749453	0.937166959853674
6300392	39507	89503.79560613632	371.0	403.5	59.894351430943246	424.0	264.0	3.782533644329321	1.0957718617468748
6400257	39786	91059.49708628654	344.9	370.5	86.0432062009159	425.0	135.0	4.807972975638916	1.0437532329214751
6500049	40079	92630.5951757431	369.7	384.0	49.859914872682154	431.0	286.0	5.008331278039861	1.1864232982890097
6600323	40375	94243.06670069695	401.7	414.0	35.14746711278701	431.0	317.0	3.899774158160461	1.0247445491398142
6700126	40669	95804.99879217148	306.8	325.0	90.77787297696626	422.0	105.0	6.689290473241031	1.228657744079479
6800429	40947	97395.28176951408	377.8	377.0	33.36265377134539	424.0	313.0	5.233886329794316	1.1310920647434624
6900067	41222	98955.30301332474	346.3	389.5	97.98531636027013	426.0	170.0	5.85826361755655	1.0472991067135853
7000310	41513	100584.38017010689	373.4	399.0	59.91327065016564	431.0	255.0	4.440045634972241	1.1322481674790763
7100271	41807	102205.1214826107	388.1	396.0	35.53855496343216	431.0	321.0	4.334005591977541	1.3296614411421699
7200007	42080	103776.38152909279	343.5	383.0	72.67469374624919	419.0	219.0	4.176888643907286	1.0435669827662666
7300487	42361	105376.45591235161	409.5	408.5	32.5106820052186	474.0	361.0	3.3881934772900295	1.0525432167047863
7400052	42653	106834.74188995361	373.9	382.5	43.03861315402975	440.0	307.0	4.113458907538355	1.1093558322776376
7501256	42917	108294.62725067139	380.1	382.5	33.18115261543651	434.0	313.0	5.69303572379897	1.0915801847267792
7600136	43214	109684.67464971542	381.7	400.5	38.63806413370111	421.0	292.0	5.777362777097137	1.3082665536598534
7700434	43517	111110.04403686523	354.3	403.5	116.88460596293727	428.0	129.0	5.334925169548502	1.296701134597868
7800099	43811	112526.06492805481	375.2	389.0	44.89196909124046	421.0	277.0	4.314555829047851	1.1551407335317487
7900284	44110	113955.93461704254	439.4	412.5	120.24438078808969	770.0	322.0	4.11223059596026	1.0358738531798115
8000393	44412	115325.23652148247	377.5	360.5	64.23437985654999	543.0	322.0	5.983366799615453	1.2005745326501849
8100057	44704	116667.59145259857	329.9	374.5	102.76234719000924	417.0	134.0	5.740269762471783	1.0570196852390086
8200568	44996	118044.99549865723	321.9	370.5	127.66749346990755	428.0	67.0	5.781157772941233	1.2446870268190138
8300139	45285	119383.80246734619	362.2	367.0	35.81991997013208	403.0	286.0	5.651366018145949	1.1498832254536
8400562	45582	120739.54627847672	397.6	390.0	149.66198953345204	749.0	131.0	4.666550313477962	1.3384532695628555
8500333	45871	122103.92070508003	354.1	385.0	69.68093952676968	428.0	225.0	4.452957212532398	1.2182325164177235
8600028	46167	123465.64392495155	378.5	386.5	43.21072397758069	422.0	292.0	5.630586833690321	1.2658586250746076
8700030	46453	124859.58240294456	403.5	410.0	28.242009686123808	454.0	359.0	3.253876532001878	0.9874758551325588
8800381	46734	126254.12316894531	368.0	371.0	81.50255619713204	460.0	189.0	6.151044481258721	0.9604796954385515
8900215	47016	127618.62016010284	355.1	395.0	108.63031089177846	425.0	97.0	4.361048584960602	1.1738039553597475
9000034	47287	128956.00189948082	358.4	393.0	79.9558211347575	415.0	165.0	3.7718197725967157	1.1082823064592937
9100093	47560	130307.45320868492	368.2	367.0	32.01666232864798	419.0	327.0	5.170158080948421	1.0115476882661671
9200309	47836	131640.1722228527	346.3	382.0	120.9169136225367	427.0	19.0	6.2961204029334334	1.2489992332979654
9301020	48126	132977.02776813507	388.4	387.0	14.65302395791091	409.0	359.0	6.772578904873524	1.1531875952871684
9400123	48429	134285.720246315	407.4	408.5	43.828453467277775	484.0	341.0	3.423276868141734	1.1354245984951528
9500106	48708	135556.08777070045	322.7	335.5	87.34611865700985	439.0	176.0	5.734596055155431	1.03188995438691
9600097	49002	136849.71389770508	380.8	404.0	50.19694545819828	438.0	290.0	5.191794557606067	0.9980783044468539
9700107	49266	138148.28121376038	406.7	419.0	32.819540250012984	442.0	338.0	6.058237327947691	0.978746341762866
9800539	49546	139452.47914791107	392.4	402.5	37.668731506825836	428.0	309.0	6.724077272512159	1.069216113269365
9900431	49831	140715.8158414364	303.9	354.5	125.83008825837766	439.0	127.0	5.979941339181379	1.0195665338356368
10000000	50104	141977.57817530632	367.9	394.0	77.72236915243042	419.0	158.0	6.200957945910311	0.9077959341118631
