steps	episodes	elapsed	mean	median	stdev	max	min	average_q	average_loss
100013	595	846.1498863697052	173.0	157.5	122.32016277875951	375.0	35.0	0.35375140112360476	0.2517455224381635
200084	1185	1929.4549205303192	84.0	30.0	87.90145998029081	215.0	5.0	0.7743757987191658	0.361164977903897
300025	1792	3034.228251218796	142.0	127.5	86.41630504585218	280.0	40.0	1.0959564533550357	0.3776757618378162
400471	2375	4167.063668727875	195.5	155.0	117.34209247608749	525.0	135.0	1.4101763104304983	0.4316069083942858
500134	2956	5316.990468978882	206.5	137.5	130.83174096695512	435.0	110.0	1.4621830282022532	0.4152959872410608
600021	3542	6490.655672550201	155.0	182.5	61.95876765147035	210.0	55.0	1.8072268300493506	0.4192183000925145
700119	4131	7690.876715898514	161.5	145.0	50.555250304328766	250.0	80.0	1.8959408551809482	0.49506659558655935
800098	4696	8923.22680592537	181.5	155.0	119.02497403673081	355.0	45.0	2.4533401095095555	0.5090441651354896
900049	5249	10189.523287296295	113.0	115.0	77.43097284391793	280.0	20.0	2.633718736093033	0.49624867141584333
1000090	5666	11511.605740070343	384.5	345.0	202.0650335356857	810.0	165.0	2.432141484977425	0.5170771985695227
1100014	5998	12849.701352357864	472.0	435.0	183.1999514798577	785.0	235.0	2.8156268061489667	0.5602492590706563
1200283	6310	14182.949433326721	379.5	327.5	89.61181717707647	525.0	290.0	3.5906335948856403	0.5898687299117071
1300054	6536	15528.674025535583	608.0	592.5	296.5093215697911	1290.0	320.0	3.6860204861742143	0.6618826101179417
1400261	6719	16877.97853565216	603.0	590.0	150.11477090694456	875.0	410.0	3.7369158922274157	0.5786194884742577
1500696	6900	18216.487906455994	646.5	715.0	195.93153566148217	875.0	395.0	3.8359953482518563	0.5985999285564012
1600892	7060	19564.88473033905	695.0	595.0	237.80243901188229	1180.0	365.0	4.254920678494955	0.6783144402137465
1700280	7219	20919.10362792015	787.5	690.0	312.3944266112598	1290.0	325.0	4.343029590581797	0.6620539263236875
1800357	7382	22276.32442879677	602.0	587.5	127.91490226796182	800.0	440.0	4.1674605654800345	0.6083760834273158
1900279	7548	23609.178421735764	527.0	542.5	195.30887218853002	965.0	280.0	4.580752657587588	0.6102921186379408
2000309	7705	24945.31997203827	296.0	260.0	101.1819043988488	465.0	160.0	5.340178384783968	0.7806286155863248
2100804	7863	26311.092480182648	718.5	602.5	266.5421584331871	1430.0	540.0	4.795180083951416	0.6950153627397797
2200569	8032	27671.18016719818	824.5	702.5	329.80170810149946	1370.0	485.0	5.228844170052218	0.6511416737760998
2300156	8231	29029.548835754395	565.5	562.5	137.32463564690624	885.0	385.0	5.281599550816192	0.6310406106613669
2400216	8431	30395.240151166916	648.0	600.0	309.2931008319167	1380.0	170.0	5.297057526872942	0.6561296975289221
2500559	8655	31782.2021818161	749.0	702.5	263.9318093750732	1245.0	455.0	5.319936211612532	0.6852239094495889
2600031	8846	33159.60294294357	751.0	627.5	294.0691528648775	1430.0	480.0	5.00568394210585	0.7425042571435947
2700499	9038	34528.48695254326	549.5	565.0	162.43716733966193	800.0	310.0	5.7637381025428915	0.7091107122758262
2800199	9246	35896.61960339546	717.5	605.0	249.13461332290933	1205.0	415.0	5.427245595361584	0.7898610303685383
2900361	9461	37273.70200061798	699.5	600.0	306.2175152839345	1545.0	525.0	5.407346558945023	0.7069456792633575
3000322	9694	38640.83085560799	663.0	545.0	236.77462326487233	1185.0	450.0	5.880974987021248	0.7582904003587518
3100618	9896	40029.28559565544	786.0	585.0	362.84983119742526	1555.0	490.0	5.838010944155894	0.7143517193216098
3200220	10125	41406.48840427399	684.5	600.0	218.63782838292187	1175.0	545.0	5.759286685009799	0.7173618641313276
3300337	10347	42779.0312333107	584.0	572.5	52.53570214625479	720.0	530.0	5.566631481059588	0.7074017712286158
3400135	10598	44164.06055903435	721.5	600.0	263.2283546023617	1330.0	525.0	5.621584271711633	0.658892239481241
3500418	10833	45571.75038385391	756.5	747.5	188.54781297532406	1040.0	540.0	5.315287738455757	0.7432181977247767
3600117	11070	46975.24709534645	696.0	587.5	251.25020729676356	1375.0	545.0	5.463471000234217	0.758227539690698
3700044	11313	48404.64803934097	625.0	585.0	182.25440095280734	1065.0	415.0	6.34006770752845	0.7469247013377581
3801176	11539	49837.11853027344	793.5	725.0	255.62613759594737	1150.0	540.0	6.075779123651444	0.6795476737928424
3900509	11748	51250.229457616806	622.5	570.0	268.80651860482186	1200.0	280.0	7.20966590098993	0.737702824281973
4000050	11975	52663.20447731018	665.0	600.0	156.52475842498527	1090.0	570.0	5.914910338514155	0.6487339514636601
4100173	12215	54061.64846038818	577.5	585.0	38.9622324252032	635.0	505.0	5.362852504835699	0.6359529183229226
4200450	12445	55470.91269111633	375.5	340.0	167.75395342253157	710.0	155.0	6.654001065857545	0.7241320167430043
4300143	12662	56880.77588438988	743.5	587.5	354.2837061515029	1545.0	495.0	5.753770729939251	0.6448336138631738
4400576	12905	58296.77039718628	659.5	600.0	185.58391333542056	1015.0	525.0	5.132842620092393	0.5854183541791922
4500158	13118	59712.683591365814	688.0	587.5	236.9388106663828	1175.0	480.0	5.797981312470961	0.7397590537458855
4600069	13324	61139.97480773926	733.0	600.0	262.0029686006545	1205.0	540.0	5.278900979616038	0.8168116602589256
4700363	13513	62592.35749197006	902.5	802.5	328.28891408500397	1430.0	515.0	5.231058386795293	0.6265431333803029
4800398	13695	64038.90894341469	835.5	607.5	311.2648925486672	1230.0	575.0	5.149238171175415	0.6957810748819236
4900194	13881	65480.61739420891	868.0	800.0	320.53080975157445	1375.0	500.0	5.880145636454076	0.7696109058872098
5000140	14105	66920.24546909332	482.5	550.0	180.31222920256963	730.0	230.0	6.673630614264959	0.6978942659646826
5100883	14306	68360.01228260994	556.0	417.5	320.45800556911246	1400.0	365.0	6.824854611820678	0.6847958181038292
5200311	14510	69794.99354720116	794.0	685.0	292.2784060902664	1335.0	570.0	5.920681034780648	0.7161252943567413
5300374	14706	71239.62541794777	597.5	517.5	268.52736256188945	1215.0	380.0	6.49566227006836	0.8093010156909465
5400047	14901	72690.18441033363	808.0	602.5	300.20548518195557	1360.0	600.0	5.76630655764662	0.8416939856945231
5500611	15106	74156.98914670944	759.0	600.0	289.8927004561822	1380.0	570.0	6.189829825684463	0.7518774884097741
5600154	15321	75623.76645588875	881.5	705.0	338.3624782192415	1460.0	575.0	5.894413940582653	0.7084651552126071
5700483	15555	77126.2266254425	930.0	980.0	278.178599704099	1265.0	570.0	5.937910233056321	0.7148864225911566
5800430	15769	78612.15037560463	997.0	1130.0	338.0680404888933	1460.0	545.0	6.087952233410919	0.6944988102936446
5900371	15980	80092.4019253254	847.5	690.0	307.2480901305798	1385.0	575.0	5.042167558943303	0.7944309888324512
6000126	16185	81570.42534065247	927.5	885.0	321.3707619972089	1375.0	545.0	7.028204315216204	0.7660657020980272
6100253	16391	83045.65715050697	786.0	587.5	319.937493895292	1370.0	515.0	5.552457289181823	0.7045940555966661
6200458	16606	84534.88407731056	880.5	760.0	418.65824036106375	1840.0	550.0	4.811658487441492	0.8151098748620069
6300300	16809	86019.25828790665	873.0	587.5	409.1739646328116	1435.0	545.0	6.2044959550775	0.7176578025385948
6400966	17015	87510.05514860153	834.5	672.5	345.9242852288794	1345.0	465.0	6.038877754062196	0.8446590989105662
6500746	17225	88985.7203810215	715.0	692.5	200.48552178260763	1175.0	440.0	6.370164668729523	0.8172037895128371
6600021	17414	90472.4341199398	978.0	972.5	269.23967018253455	1295.0	570.0	6.366586863330554	0.7612710779975356
6700275	17620	91955.44390630722	685.0	600.0	186.4731139393082	1120.0	550.0	5.310531812080045	0.9791149489568305
6800484	17816	93455.42694997787	851.5	600.0	459.3476654754847	1830.0	540.0	5.140383510699469	0.8921646446010205
6900121	18001	94963.91158246994	1202.0	1210.0	363.2125181396332	1860.0	545.0	6.535174443715188	0.7800642613564869
7000489	18197	96476.793384552	990.0	1160.0	310.67131613115924	1290.0	525.0	6.0976106193706725	0.9294933195354959
7100388	18390	97958.45819926262	835.5	592.5	348.38875157246713	1400.0	545.0	5.669274625049083	0.9124767527700134
7200238	18597	99442.46694540977	823.5	742.5	309.6418181634315	1230.0	540.0	5.566855850527995	0.8497707986708509
7300093	18775	100907.2010178566	708.0	585.0	249.91331830590116	1180.0	540.0	6.185434938647531	0.9001609944609532
7400653	18958	102424.223487854	1155.0	1190.0	416.99986677322676	1980.0	540.0	6.52499148916381	0.8697161535184614
7500039	19128	103881.30645179749	760.5	587.5	348.9384695839018	1560.0	510.0	5.634624878634856	0.9837495523831157
7600058	19320	105381.00212931633	1222.5	1200.0	558.615600291371	2635.0	575.0	5.79095572950637	0.929888236744187
7700170	19501	106851.29402470589	862.5	787.5	313.1315839848943	1370.0	545.0	5.566153720056605	0.984469948772882
7800461	19653	108315.33612751961	817.5	602.5	366.28957882467193	1575.0	545.0	6.081392880123882	0.9671946915219166
7900155	19837	109780.3918185234	812.5	757.5	257.3718667177471	1175.0	545.0	5.6657219115729465	0.9933673632696639
8000044	20016	111242.53704237938	817.0	590.0	326.149250088565	1230.0	545.0	6.060718233979958	1.0161150487185595
8100202	20205	112706.49976587296	852.0	662.5	401.9065673622277	1605.0	465.0	6.985374661181427	0.8599606582393772
8200521	20379	114188.54305958748	1091.0	1175.0	482.99873475794715	1985.0	415.0	5.991025071401293	0.8839597471706688
8300015	20558	115641.82703971863	956.5	1017.5	343.3256471631562	1550.0	515.0	7.44634541684431	0.8947268784806658
8400370	20760	117090.62161493301	730.5	560.0	419.50665469493254	1425.0	380.0	7.519610177683282	0.9146732113327708
8500539	20939	118573.02533054352	1248.5	1205.0	420.046624396229	2130.0	555.0	7.64034668649965	0.9572708453444383
8600310	21143	120037.26361775398	993.0	1117.5	315.47318956344503	1375.0	555.0	6.252543578550269	0.9660691579667962
8700876	21329	121485.53412723541	959.0	890.0	386.41371036177736	1515.0	600.0	6.320367996335299	0.8224229507468677
8800360	21498	122828.51523017883	931.5	672.5	505.19550671002605	1830.0	510.0	6.177812528319323	0.987526077617581
8900130	21685	124183.64375209808	1071.0	1177.5	313.22515863193365	1340.0	490.0	6.825842916534287	0.9257582650159226
9000381	21846	125534.70376229286	936.0	785.0	469.0403915324232	2015.0	490.0	7.314675878510219	1.1732664624925868
9100740	22030	126894.57176876068	1216.5	1140.0	538.1968351201383	2160.0	540.0	7.808320169160666	0.9989520183288045
9201154	22209	128240.12737798691	911.0	787.5	424.518027362273	1575.0	525.0	6.89837868085071	1.065872925205294
9300674	22381	129578.38067126274	1068.0	1130.0	422.4939184309179	1775.0	495.0	6.7726650440151275	0.9431524848156606
9400702	22566	130909.46727705002	880.0	960.0	365.4905379532189	1375.0	325.0	8.136224344087193	1.0696042656676885
9500143	22733	132237.4989836216	1113.0	1190.0	356.1070375915396	1775.0	605.0	7.130666450492991	1.0412777220287246
9600595	22926	133567.18063879013	784.0	677.5	282.92912343710555	1210.0	490.0	7.319318552612346	1.0447229004190288
9700034	23106	134882.54980921745	906.0	982.5	302.8457619904158	1285.0	545.0	8.025760846264614	1.0785500229452782
9800313	23273	136207.3573782444	1040.0	1082.5	411.44055868780526	1795.0	490.0	8.479123562375895	1.1025146184803751
9900646	23438	137530.8160624504	789.5	572.5	359.54021564585327	1455.0	355.0	6.703817116405501	1.039069180261311
10000000	23633	138970.44075894356	873.5	855.0	310.6717631913857	1260.0	465.0	7.704287423141632	1.1102062369864996
