steps	episodes	elapsed	mean	median	stdev	max	min	average_q	average_loss
100134	819	874.9241979122162	262.0	250.0	91.14091653404999	400.0	140.0	0.6261719169620961	0.22034022648119492
200083	1458	2034.0979125499725	372.0	400.0	108.81176406988355	560.0	240.0	1.885458555254088	0.36922082159578196
300306	1993	3201.43909907341	396.0	370.0	125.00666648889836	600.0	160.0	2.8583326018118402	0.6014827182030483
400016	2504	4387.63063287735	556.0	540.0	162.1521918856891	760.0	340.0	3.8815965520272937	0.7674369675752809
500313	3040	5564.8151733875275	416.0	400.0	110.67469850371805	580.0	260.0	4.487482055423945	1.0472026870735593
600021	3494	6733.896697044373	316.0	310.0	105.32489417670133	460.0	120.0	4.900155262700527	1.0246879584125366
700555	3909	7913.2633645534515	342.0	350.0	147.10540438746634	560.0	160.0	5.463811774071416	0.8957865576756395
800321	4248	9107.231181383133	510.0	480.0	132.077418374393	740.0	360.0	5.835654582827989	1.0492106990991823
900344	4570	10290.051559209824	336.0	290.0	141.35848832745143	560.0	180.0	6.358227413268415	1.1909984467406003
1000347	4812	11499.85168504715	618.0	620.0	120.53584068188552	860.0	420.0	6.96947301792341	0.9825525438240141
1100069	5031	12726.43428492546	642.0	650.0	152.154891840884	860.0	440.0	6.922626575039455	1.014972709339094
1200157	5231	13971.495228290558	754.0	710.0	248.02329639684163	1300.0	460.0	7.278331536602043	1.0221345973406442
1300292	5435	15225.164224147797	932.0	960.0	253.36841862307062	1420.0	620.0	7.36524491647264	1.1004416399628199
1400363	5642	16466.35485100746	902.0	810.0	231.7949285227977	1380.0	620.0	7.581985058339795	0.9370235620450406
1500182	5839	17694.7062292099	824.0	840.0	234.71969097911946	1100.0	440.0	7.464384327485068	1.0265256759722994
1600207	6018	18939.6128180027	1296.0	1240.0	347.28150605012706	2100.0	900.0	8.008686527560897	0.9441731425055937
1700586	6219	20212.555307865143	1270.0	1200.0	245.35688292770595	1720.0	1000.0	8.229530877341855	0.8588429838685111
1800528	6410	21465.888684988022	1272.0	1220.0	447.2334712180851	2000.0	580.0	7.720404803804466	0.8863005109186618
1900966	6610	22730.124360084534	1712.0	1650.0	526.4725380618949	2600.0	1000.0	8.194311024390636	0.7877688513262306
2000130	6800	23982.687729358673	1612.0	1540.0	443.7416665884179	2440.0	900.0	8.181425847823366	0.8116570052687767
2100339	6978	25242.79040336609	1424.0	1450.0	148.71299726505265	1640.0	1200.0	7.97663572832557	0.7421532523852578
2200906	7148	26527.186177015305	2016.0	2000.0	910.0818034049955	3760.0	900.0	8.350337878896122	0.740305057050142
2300248	7292	27801.74749970436	2404.0	2350.0	684.3520861207173	3480.0	1400.0	8.337932074838339	0.8001098423609658
2400168	7429	29096.8109126091	3130.0	3060.0	847.9648839689321	4180.0	1660.0	7.868480214273	0.685012685039255
2500043	7574	30378.344428777695	2930.0	2920.0	432.3835745672534	3600.0	2260.0	8.329147171457228	0.7947110012231129
2600858	7737	31678.908470869064	3306.0	3320.0	925.4932618759457	4720.0	1820.0	8.222896496695913	0.7832535576421611
2700794	7869	32991.83648085594	3636.0	3590.0	635.246233973707	4540.0	2680.0	8.804001192982453	0.7030326991822649
2800013	8014	34256.44283056259	2890.0	2980.0	987.263333102617	4820.0	1440.0	8.774653342967003	0.7412667597150069
2900069	8157	35548.420313596725	3328.0	3500.0	893.9898085424563	4820.0	1840.0	8.258395574171491	0.6824534301587327
3001242	8317	36865.72621011734	3594.0	3310.0	1162.069036006228	5500.0	1680.0	8.782730161240847	0.8106979279283919
3100057	8459	38144.64939904213	3738.0	3810.0	960.067127282717	5180.0	2100.0	8.623741438684894	0.6209584296703679
3200380	8597	39479.049349069595	5108.0	5270.0	744.4132663454562	6060.0	3960.0	9.403218595620416	0.8370777192534844
3300678	8734	40802.856790065765	4430.0	4440.0	821.8813107066549	5420.0	3220.0	8.897637485939278	0.7692294283426756
3401484	8873	42124.65526986122	4666.0	4780.0	993.8499775005168	6020.0	3180.0	9.645145924588876	0.8592775858119187
3500326	9010	43412.43548297882	4716.0	4650.0	686.9449274383888	5840.0	3420.0	8.815133045497829	0.7498239926024873
3601254	9149	44717.86221718788	4632.0	5070.0	1108.6808978842078	5800.0	2660.0	9.728158889441566	0.7794202285509232
3700689	9285	46020.457423210144	4684.0	5270.0	1239.1681797793944	5820.0	2460.0	8.627185345562909	0.7760292907159357
3800339	9417	47339.016110897064	5760.0	5880.0	1142.122779934121	7420.0	3480.0	10.252791218030778	0.6651023040709415
3900459	9552	48667.01656842232	5573.0	5455.0	1362.6612035115536	8320.0	3600.0	10.26010201775024	0.8036380998277706
4000973	9681	49989.87532353401	5014.0	5030.0	1147.6371861834693	6200.0	2700.0	9.442746139611044	0.6916773147465497
4100012	9815	51295.3555958271	5056.0	4975.0	1407.663154151431	7180.0	2360.0	10.045592120091797	0.8486427523339699
4200415	9945	52624.798479795456	5646.0	5670.0	1690.891940827549	8440.0	3760.0	10.55678666993391	0.7163621284594915
4301485	10081	53967.72876358032	5712.0	5500.0	1344.39412210689	8000.0	4260.0	11.001500036131585	0.8155320028558058
4400345	10213	55277.678035736084	5406.0	5180.0	1072.3204330381432	7520.0	3980.0	10.565736965826021	0.674036401931924
4500585	10343	56583.59767174721	4486.0	4400.0	1163.4832759147564	6520.0	2380.0	11.001768706202942	0.7222582522835761
4600387	10466	57913.498861551285	6136.0	5910.0	866.5025485632841	7260.0	5040.0	11.042226202572424	0.6397511988801925
4700589	10597	59247.24193358421	5690.0	6040.0	1078.8574202985922	6740.0	3440.0	10.578918867210925	0.6892377426675481
4800293	10733	60541.67541003227	4125.0	3925.0	1314.0374593003216	6300.0	1440.0	11.561803034725845	0.6774892445704498
4900339	10865	61839.15317082405	4582.0	4410.0	2034.206369952556	8360.0	1980.0	11.752277981557992	0.6954391787796882
5000362	10997	63153.196387052536	4992.0	4770.0	1073.1966786713008	6920.0	3500.0	11.25056524480593	0.635766665082388
5100367	11126	64476.96648430824	6535.0	6430.0	3364.5612228375667	13070.0	2180.0	10.725311662711182	0.7352106149550537
5200349	11251	65803.99405264854	5130.0	5070.0	1756.752053585758	8410.0	2900.0	10.71450887929253	0.7254571759661371
5300210	11376	67116.7711815834	4694.0	4830.0	1224.710396606298	6140.0	1780.0	11.154381034446079	0.6381387974169802
5400082	11509	68434.68777680397	5488.0	5540.0	1108.5205355688174	7480.0	3780.0	10.773543871826588	0.684392055930804
5500402	11653	69762.92416596413	5364.0	5280.0	1402.2141221812183	7640.0	2940.0	11.224932636558307	0.6413882540553555
5600089	11786	71076.63549661636	5306.0	5680.0	1209.1888925133978	6380.0	2220.0	10.242822377320461	0.7247249129540716
5700603	11919	72394.94630026817	5296.0	5120.0	1072.7658955553475	7060.0	3720.0	11.479982702308776	0.7193770632917513
5800332	12060	73695.51139140129	5098.0	5580.0	2320.4491902311597	7600.0	2020.0	11.167641064452893	0.7601565456360222
5901245	12192	75024.18778014183	5644.0	5680.0	1527.773979793259	7790.0	3140.0	11.730682417823218	1.0241256395398193
6000356	12315	76336.1501197815	5689.0	5805.0	703.553677964786	6760.0	4620.0	10.66031223235661	0.6212402612875136
6100154	12442	77649.63002371788	5091.0	5190.0	1543.8944264424301	7540.0	2300.0	9.967173929282682	0.5935507711727566
6200039	12580	78980.46547698975	6050.0	5990.0	1243.5879989414143	7520.0	3880.0	10.512201014436608	0.6429436899293336
6300973	12712	80336.71484780312	8391.0	9155.0	2134.585309713445	11090.0	4910.0	11.532468791415894	0.7167743411030728
6400880	12847	81664.98923015594	6128.0	5650.0	1710.4177527402155	9640.0	4240.0	12.04694899815828	0.6212396510282988
6501371	12980	83008.08421230316	6529.0	6320.0	1440.096061610706	9490.0	4700.0	12.315582367269093	0.6940772338806314
6600081	13122	84315.07715034485	7823.0	7660.0	3567.3988345073562	14400.0	2800.0	10.247198781520165	0.5549713815213715
6700283	13256	85629.78221487999	5600.0	5685.0	1901.8996351601265	8830.0	2880.0	11.954606349424838	0.7386046165695216
6800041	13399	86945.85615038872	6471.0	7290.0	1930.7940220426299	8780.0	3150.0	11.582129329111158	0.861427171072284
6900384	13530	88281.30848741531	5307.0	4965.0	1808.7383570998998	8930.0	3020.0	11.121746134086422	0.6315373573037918
7000145	13666	89572.96712303162	5450.0	5385.0	1724.728642102545	7770.0	2700.0	11.95131659238543	0.608758523690714
7100158	13803	90907.42286705971	6487.0	6120.0	1879.503776118698	9320.0	3880.0	11.555975713929087	0.6698495418003981
7201187	13953	92216.23906373978	4731.0	4860.0	1999.6913650750096	8770.0	2380.0	12.076166838365195	0.7628057194562674
7300248	14096	93490.22194361687	4395.0	4270.0	1889.969135550455	7060.0	1640.0	11.360828263656192	0.6180854276889174
7401448	14235	94828.18810462952	5978.0	6330.0	1714.0776593323367	8980.0	3040.0	10.25951829745087	0.5031402953309677
7500043	14368	96149.49304986	6088.0	6060.0	1213.9632064715415	8140.0	4260.0	12.150597881456003	0.6264608249539723
7601996	14503	97477.52017688751	4540.0	4765.0	1178.0680983900907	6340.0	2800.0	12.490709074571798	0.6747792647224181
7700422	14641	98782.16090321541	6899.0	6240.0	1433.042218498813	9480.0	5140.0	12.24434628456812	0.5601317807340344
7800425	14794	100098.29363536835	6697.0	5190.0	3432.9936725190096	13070.0	2500.0	12.300395853493836	0.5304398356809015
7900455	14949	101402.37244296074	4446.0	3920.0	1997.7832159115208	8610.0	2120.0	10.658171307234577	0.5346920865451943
8000128	15120	102713.47081518173	4949.0	5225.0	1655.8948571022793	7790.0	2480.0	11.287105246469423	0.5207840486632841
8100136	15279	104022.39914250374	5538.0	5580.0	1484.4138386731795	8590.0	3600.0	11.100606577371526	0.5407624104059352
8200265	15436	105338.68146514893	5298.0	5150.0	939.7493755724921	6740.0	3800.0	11.371492077168044	0.5045370098087437
8300567	15582	106672.94608283043	6128.0	5500.0	2474.387915334933	12440.0	3780.0	11.461891087624098	0.5230646059175695
8400311	15730	108029.50408792496	9147.0	8780.0	3297.4907968871657	13750.0	5420.0	11.371584505965803	0.7385287685868464
8500904	15873	109359.77438116074	5470.0	5370.0	1998.7440500919015	9400.0	2480.0	9.769198432988947	0.6175878801609798
8600219	16006	110681.34061408043	6545.0	5570.0	2938.575807730299	13380.0	4000.0	10.817970447935794	0.6191723485173645
8700278	16144	112017.57470536232	7158.0	7590.0	2623.3896647912093	11860.0	3220.0	10.801363528769787	0.5072328732627529
8801094	16286	113364.4394979477	7572.0	7620.0	2645.779868226212	12670.0	3780.0	11.561122573747612	0.7273379599274491
8900041	16426	114674.59585380554	5269.0	5000.0	1611.0069314976065	8810.0	3360.0	10.969047662275186	0.47960271703471574
9000153	16569	116004.08955097198	6730.0	6245.0	3087.5736608397074	12850.0	3180.0	11.670632624045941	0.6471385007118134
9100631	16722	117332.09351038933	5899.0	5185.0	1997.473125949105	9220.0	3580.0	10.927648781840125	0.5837244795483081
9200037	16869	118658.19086265564	8414.0	7985.0	3125.4908947769045	14030.0	4680.0	11.09019051269979	0.6765382926878494
9300428	17016	120005.01245307922	7970.0	8330.0	2252.31732518607	11680.0	4520.0	11.118355634848752	0.3965929829661173
9400872	17154	121357.83249044418	7657.0	6720.0	2586.2501812469727	13210.0	5100.0	11.626711798048456	0.5047543397315214
9500000	17292	122676.68436360359	5937.0	5840.0	1241.5765067937707	8160.0	3860.0	10.785413612220427	0.4792988945104168
9600056	17423	124005.38266611099	8939.0	8565.0	4059.407318535278	14850.0	3020.0	11.827885088095272	0.5942907306447418
9701202	17564	125347.14105772972	8532.0	7590.0	4206.06915989	17870.0	3780.0	10.920494477710422	0.6515150811910895
9800031	17692	126640.90859699249	6110.0	6080.0	1786.4738701948286	9380.0	3740.0	10.839984952688974	0.5942526650709082
9900485	17834	127964.43072795868	8489.0	7800.0	4029.0347617154052	15160.0	2780.0	11.916821954221087	0.49617728522431287
10000000	17975	129263.96519827843	7772.0	6435.0	4205.078411212381	14160.0	2890.0	11.179211458350268	0.4318326524565957
