steps	episodes	elapsed	mean	median	stdev	max	min	average_q	average_loss
100006	2987	1028.5149247646332	2.0	0.0	4.242640687119285	11.0	0.0	-0.032304742122031375	0.11226536592157767
200020	6104	2408.5845232009888	1.1	0.0	1.449137674618944	3.0	0.0	0.07091147900135487	0.05627156850970672
300100	9254	3781.8698239326477	0.7	1.0	0.48304589153964794	1.0	0.0	0.13960507844587494	0.06137153835518575
400013	12263	5221.704688549042	3.3	0.0	5.313504806936128	11.0	0.0	0.1836976525200339	0.06914348617825981
500054	15061	6692.428262472153	1.5	0.0	2.5495097567963922	7.0	0.0	0.2177890861732026	0.07397328028136287
600017	17164	8175.037171125412	4.0	0.5	5.033222956847166	11.0	0.0	0.19761449732357436	0.10071593795911779
700150	18716	9706.978089809418	11.8	12.0	3.22490309931942	19.0	7.0	0.5094452006814886	0.10357510133021505
800171	19749	11252.535690784454	12.5	12.5	2.758824226207808	19.0	9.0	0.5939968340345324	0.12674643547285416
900009	20648	12808.435831546783	15.6	16.5	5.501514942874069	23.0	7.0	0.9425279740509764	0.1204529622262471
1000031	21449	14406.224557161331	15.5	15.0	5.9113826169894	29.0	9.0	0.5934360105991565	0.146656135522474
1100144	22196	16021.6400141716	20.5	20.0	7.575545451575675	31.0	10.0	0.8761997161174667	0.18240251254530473
1200114	22857	17638.310616493225	22.7	22.5	8.11103500725332	38.0	10.0	0.8978635404836737	0.1727629894343877
1300393	23454	19263.22997879982	25.9	24.0	8.359292899389144	39.0	16.0	1.1147898343634486	0.25161366365375326
1400128	23993	20889.56765270233	36.1	31.0	16.50218840706354	65.0	15.0	1.2287888179316115	0.2264002161873742
1500548	24474	22535.798070192337	54.1	53.5	18.952865511872105	93.0	32.0	1.6079875438791777	0.27237443806773054
1600096	24924	24169.450125455856	69.0	67.5	25.84569596664017	125.0	37.0	1.6673049986502557	0.2669081138223019
1700214	25322	25830.319468975067	55.8	58.5	17.145132124179025	85.0	32.0	1.289315619072844	0.28219910552786964
1800134	25705	27490.858500480652	55.2	55.0	20.433088633662585	87.0	19.0	1.5094156731025083	0.27720579052034555
1900317	26112	29139.226964235306	92.6	79.5	52.60587208456654	233.0	45.0	1.9704219761562416	0.3258686356817119
2000156	26486	30799.19859981537	77.3	77.5	29.866555059315278	119.0	30.0	1.5674257489474395	0.29802173991418557
2100302	26859	32459.0226252079	101.4	83.0	67.77446257830289	277.0	35.0	2.023686751420484	0.31867684977355987
2200328	27216	34123.310861349106	128.5	109.0	69.50499582364166	288.0	48.0	2.1351020991300196	0.42948407808071537
2300428	27577	35790.18377041817	86.1	79.5	33.64339129424645	168.0	54.0	2.208145986707836	0.33090379458734653
2400485	27937	37471.85671758652	202.0	213.0	85.61022784171942	340.0	102.0	2.498413511093771	0.38775968982374437
2500155	28272	39149.48808860779	137.1	136.0	51.457533731979204	264.0	76.0	2.414167413028054	0.4066043526219217
2600033	28606	40829.782046318054	201.5	210.0	73.55761158590063	293.0	105.0	2.283669804703974	0.46104095589787447
2700056	28946	42511.46381568909	207.0	224.0	63.49978127696364	319.0	103.0	3.1673403543121657	0.38402521456361904
2800063	29281	44168.76092815399	213.9	214.0	86.44773629836186	368.0	110.0	2.778733534928238	0.5258389149135246
2900067	29604	45837.92164802551	292.3	310.0	64.87946088281286	372.0	171.0	3.418760668739052	0.6856576196654572
3000333	29917	47486.642994880676	270.8	268.5	61.180606949152335	379.0	166.0	4.635139416328407	0.744119874282768
3100094	30227	49088.220620155334	217.7	226.5	75.61018449917974	359.0	98.0	4.588790096027748	0.7089737512483845
3200176	30552	50668.145969867706	275.3	264.5	65.07781666760359	358.0	155.0	4.167429730320956	0.8835550788599835
3300008	30867	52240.257095098495	266.1	259.5	76.58031368729462	382.0	177.0	5.227866764093512	0.9699439548336509
3400635	31161	53831.28381681442	296.9	290.5	52.1652289471743	392.0	241.0	4.226045483801873	0.9294220057379654
3500615	31461	55436.280814647675	298.3	311.0	76.50715289725821	408.0	196.0	4.8221661128535835	0.9295325958809707
3600194	31761	57049.240569114685	283.7	279.0	86.6038875185943	421.0	115.0	4.265912077045556	1.0347364693354137
3700195	32060	58669.856640815735	325.4	357.0	89.33980076091507	414.0	181.0	4.391445183200333	1.225646438791264
3800035	32339	60314.31018948555	359.1	373.5	59.187930451326906	436.0	269.0	4.366149939373942	1.064972378448457
3900126	32614	61974.30617451668	372.6	383.0	41.441256952194124	421.0	285.0	4.725837445958359	1.171327761165123
4000581	32892	63657.53225493431	389.5	399.5	35.21442255036359	428.0	317.0	4.886314771761526	1.1191847869453035
4100403	33152	65342.38925600052	384.2	383.0	47.10697046793252	467.0	309.0	4.392337877805958	1.2069470125248885
4200301	33419	66991.05508637428	317.5	362.0	125.35482971682158	412.0	0.0	4.695861155837639	1.3682669021372886
4300031	33691	68660.56020259857	368.7	386.5	63.47536705070891	411.0	195.0	5.418967453570079	1.1796149815251686
4401103	33958	70329.27602624893	346.9	380.5	90.13748757684932	421.0	133.0	5.0145248467753385	1.0511004215235626
4500474	34226	72010.27768945694	367.1	397.0	80.15880072289838	422.0	152.0	4.272811501355444	1.4429553346297606
4600220	34478	73688.35086297989	327.9	381.5	118.61276865872784	420.0	93.0	5.45385211409779	1.486700648080141
4700293	34743	75406.07154989243	390.9	394.5	34.7641258259782	433.0	337.0	5.928585076209888	1.354101945031413
4800104	35005	77104.94648313522	329.6	386.5	130.79007777520604	428.0	47.0	5.352058537197589	1.376987796978196
4900094	35278	78813.35576820374	385.3	398.5	46.22901926519989	427.0	281.0	4.868179090347429	0.9543741052278853
5000479	35542	80523.39236688614	352.6	375.0	90.64607609329325	429.0	157.0	5.646877857299304	1.1340128852299438
5100017	35804	82220.53600692749	369.6	395.0	50.30617368783986	418.0	288.0	4.994024729198995	1.30168682517043
5200048	36062	83942.92322468758	404.3	408.5	24.81061600740027	440.0	349.0	4.632395462640817	1.2021959220356468
5300261	36324	85663.42786312103	343.2	376.5	78.35077819935451	424.0	186.0	6.359517071164058	1.2477316850239881
5400386	36582	87376.78429627419	363.9	362.0	185.66903050559856	808.0	153.0	6.445092177002061	1.0890569837106607
5500188	36844	89064.59235906601	338.9	399.5	121.96306362538164	499.0	119.0	3.9353151201722607	1.2528147100078526
5600044	37120	90784.19924783707	384.6	393.5	45.36567473811499	424.0	275.0	5.713525665535107	1.1780316252743679
5700207	37381	92559.39700436592	382.6	379.5	122.34486775777178	613.0	125.0	5.406082058920477	1.4569304668474348
5800253	37629	94309.37752580643	408.9	419.0	22.511478553543892	431.0	365.0	5.131149116262099	1.273491244357703
5900799	37916	96005.62652349472	342.2	407.5	124.83927444696418	425.0	75.0	4.627326909933899	1.2131308934804292
6000134	38188	97683.43294787407	355.9	402.0	75.65043878847557	423.0	228.0	6.308946346251464	1.2492085923706857
6100021	38447	99348.54119563103	335.2	383.5	98.48271139872442	412.0	134.0	4.832083745666774	1.2500929929230988
6200123	38707	101032.35274410248	376.1	406.5	60.04526070668136	414.0	232.0	4.400351067265688	1.3552394579206957
6300063	38949	102734.11918187141	406.9	413.5	168.22567514436605	708.0	77.0	4.6025444202711885	1.3370637698249777
6400558	39217	104417.73497152328	379.8	400.5	56.162067071803705	428.0	258.0	4.896163650999677	1.1854300287773736
6500427	39467	106102.6155192852	370.1	411.0	110.52546212424437	428.0	67.0	3.1231052912131725	1.1498097451887848
6600127	39732	107781.81709957123	403.2	397.5	32.06174598420297	463.0	365.0	4.536962843505566	1.0185269856095953
6700115	39968	109462.22119021416	407.0	411.0	35.77708763999664	476.0	347.0	3.97968724106654	1.1428950392525925
6800212	40238	111124.55778241158	393.4	412.0	43.538488719752316	428.0	289.0	4.199489601612719	1.0614485145926393
6900093	40514	112813.20396184921	452.5	419.0	135.32532817046646	810.0	327.0	6.811206331020946	1.24261014417264
7000315	40787	114477.61146354675	390.5	408.0	69.10418864937847	453.0	203.0	5.12324582385584	1.2846208489472455
7100117	41036	116164.20586061478	399.8	410.0	51.07467300161815	473.0	291.0	3.253163153000309	1.2186211694038822
7200598	41296	117816.1416618824	371.2	396.5	80.77513368743021	433.0	159.0	5.177519928806241	1.0945335434640304
7300042	41571	119470.34587073326	398.6	411.0	48.0606098819212	443.0	273.0	4.01982666386076	1.133242101836436
7400116	41857	121091.92060136795	377.3	398.0	44.46734132421731	418.0	281.0	5.031822397395372	1.0491585171364712
7500414	42134	122760.25035786629	402.3	409.0	26.754231233374824	431.0	348.0	4.433690328235815	1.20400969256073
7600131	42375	124393.1528801918	356.3	410.0	121.64159559039736	438.0	87.0	4.305290695779486	1.2206448645330423
7700112	42620	126089.72249221802	406.2	412.0	28.510426942514286	428.0	331.0	2.719946574399281	1.203878195215746
7800479	42862	127789.8067624569	420.0	399.5	161.39599334142923	833.0	218.0	6.617986442072861	1.3478869932259077
7900181	43110	129482.00368404388	431.3	426.5	21.807491067673663	491.0	414.0	4.896797182401502	1.106047478676512
8000583	43381	131138.08257746696	358.9	398.0	109.5074325229926	427.0	54.0	5.6606829542119925	1.16529623567906
8100055	43677	132771.50257730484	386.7	408.0	49.75060021971817	440.0	276.0	6.5517916673613	0.988267262011342
8200288	43949	134458.73970985413	410.3	392.5	165.587204282886	845.0	230.0	5.644636655204356	1.2443250676607074
8300181	44206	136127.74748635292	397.5	408.5	28.683134804658682	431.0	350.0	6.612456749811084	1.1215043059816616
8400583	44446	137800.5392279625	400.8	413.5	26.56145912993319	422.0	343.0	6.001535557680489	1.1817346669969118
8500088	44719	139501.98068070412	445.8	414.5	105.1568141185133	743.0	385.0	4.8909964198301825	1.050798217463888
8600104	44962	141178.55034065247	391.0	407.5	50.736793574507864	431.0	265.0	3.5088906885469826	1.0144647139959095
8700105	45227	142860.33888101578	422.8	424.5	23.260839767013284	470.0	385.0	5.396076136439735	1.1426019102763492
8800147	45468	144594.25389194489	419.5	414.5	58.10383425864042	535.0	342.0	3.9664870100496294	1.2107682860641524
8900008	45714	146284.25411486626	388.6	400.0	36.35076034662518	427.0	313.0	5.846268372437291	1.0966536317612905
9000133	45976	147958.5494606495	363.4	381.0	80.41171832789325	438.0	165.0	5.133169038177447	1.2256160822669506
9100020	46230	149638.28226709366	363.1	410.0	109.99035311234243	455.0	98.0	6.784622949314834	1.3915139863644483
9200049	46485	151378.07230472565	401.7	419.5	40.01957854184208	428.0	320.0	3.991532631692065	1.229628702255809
9300003	46734	153077.6425807476	403.2	407.0	66.74129156676547	482.0	311.0	7.60294937829112	1.1105081140186528
9400033	46973	154732.0360300541	398.2	406.5	45.27398075421834	478.0	309.0	5.1915862757560545	1.227944407703957
9500421	47223	156455.16736984253	421.7	418.5	23.64576541840467	474.0	394.0	3.9447903997700853	1.2305043866164573
9600173	47485	158172.60564923286	407.8	424.5	66.42589856373792	499.0	240.0	6.990425390305682	1.2622317713260143
9700000	47741	159896.4218735695	416.0	422.5	25.634178572973838	462.0	373.0	6.323174465411509	1.0662656508483441
9800037	47973	161563.80501389503	394.4	420.5	131.86457699726134	684.0	196.0	5.578379796431883	1.515324378576169
9900066	48219	163274.17132806778	409.9	413.5	22.012370259570968	435.0	361.0	4.95962730962662	1.1943176812776968
10000000	48461	164891.96645784378	406.1	415.0	30.812876096420037	430.0	322.0	5.086121856175294	1.067378791660442
